1
497.0,403.0,40.0,42.0
498.0,390.0,40.0,42.0
499.0,380.0,40.0,42.0
499.0,373.0,40.0,42.0
500.0,369.0,40.0,42.0
500.0,368.0,40.0,42.0
501.0,370.0,40.0,42.0
502.0,375.0,40.0,42.0
503.0,383.0,40.0,42.0
504.0,395.0,40.0,42.0
507.0,408.0,40.0,42.0
508.0,427.0,40.0,42.0
514.0,422.0,40.0,42.0
510.0,396.0,40.0,42.0
509.0,373.0,40.0,42.0
509.0,354.0,40.0,42.0
511.0,336.0,40.0,42.0
522.0,323.0,40.0,42.0
512.0,310.0,40.0,42.0
513.0,303.0,40.0,42.0
512.0,298.0,40.0,42.0
511.0,297.0,40.0,42.0
512.0,298.0,40.0,42.0
513.0,303.0,40.0,42.0
513.0,312.0,40.0,42.0
514.0,322.0,40.0,42.0
514.0,338.0,40.0,42.0
515.0,358.0,40.0,42.0
515.0,377.0,40.0,42.0
517.0,401.0,40.0,42.0
518.0,427.0,40.0,42.0
520.0,432.0,40.0,42.0
523.0,409.0,40.0,42.0
521.0,388.0,40.0,42.0
522.0,372.0,40.0,42.0
528.0,357.0,40.0,42.0
530.0,345.0,40.0,42.0
532.0,335.0,40.0,42.0
536.0,329.0,40.0,42.0
538.0,328.0,40.0,42.0
541.0,328.0,40.0,42.0
543.0,332.0,40.0,42.0
554.0,339.0,40.0,42.0
551.0,348.0,40.0,42.0
551.0,361.0,40.0,42.0
557.0,377.0,40.0,42.0
560.0,397.0,40.0,42.0
558.0,377.0,40.0,42.0
547.0,351.0,40.0,42.0
543.0,326.0,40.0,42.0
535.0,303.0,40.0,42.0
525.0,285.0,40.0,42.0
521.0,270.0,40.0,42.0
512.0,251.0,40.0,42.0
507.0,246.0,40.0,42.0
501.0,240.0,40.0,42.0
493.0,237.0,40.0,42.0
489.0,238.0,40.0,42.0
480.0,241.0,40.0,42.0
471.0,245.0,40.0,42.0
464.0,257.0,40.0,42.0
454.0,272.0,40.0,42.0
450.0,289.0,40.0,42.0
440.0,309.0,40.0,42.0
434.0,334.0,40.0,42.0
428.0,360.0,40.0,42.0
425.0,386.0,40.0,42.0
415.0,382.0,40.0,42.0
411.0,367.0,40.0,42.0
409.0,356.0,40.0,42.0
404.0,347.0,40.0,42.0
397.0,339.0,40.0,42.0
394.0,333.0,40.0,42.0
399.0,340.0,40.0,42.0
396.0,345.0,40.0,42.0
397.0,355.0,40.0,42.0
394.0,365.0,40.0,42.0
392.0,378.0,40.0,42.0
390.0,396.0,40.0,42.0
386.0,416.0,40.0,42.0
387.0,438.0,40.0,42.0
386.0,461.0,40.0,42.0
388.0,444.0,40.0,42.0
388.0,426.0,40.0,42.0
388.0,409.0,40.0,42.0
386.0,396.0,40.0,42.0
388.0,385.0,40.0,42.0
389.0,377.0,40.0,42.0
388.0,372.0,40.0,42.0
390.0,371.0,40.0,42.0
416.0,372.0,40.0,42.0
390.0,352.0,40.0,42.0
364.0,354.0,40.0,42.0
2
0
0
0
0
1
413.0,410.0,42.72999954223633,43.58000183105469
419.0,392.0,42.72999954223633,43.58000183105469
424.0,374.0,42.72999954223633,43.58000183105469
432.0,360.0,42.72999954223633,43.58000183105469
437.0,347.0,42.72999954223633,43.58000183105469
