1
183.0,208.0,45.0099983215332,110.9800033569336
182.0,208.0,45.0099983215332,110.9800033569336
180.0,208.0,45.0099983215332,110.9800033569336
177.0,207.0,45.0099983215332,110.9800033569336
173.0,206.0,45.0099983215332,110.9800033569336
184.0,206.0,45.0099983215332,110.9800033569336
162.0,212.0,45.0099983215332,110.9800033569336
162.0,218.0,45.0099983215332,110.9800033569336
164.0,222.0,45.0099983215332,110.9800033569336
174.0,225.0,45.0099983215332,110.9800033569336
178.0,225.0,45.0099983215332,110.9800033569336
181.0,224.0,45.0099983215332,110.9800033569336
193.0,199.0,45.0099983215332,110.9800033569336
196.0,199.0,45.0099983215332,110.9800033569336
207.0,197.0,45.0099983215332,110.9800033569336
207.0,197.0,45.0099983215332,110.9800033569336
194.0,197.0,45.0099983215332,110.9800033569336
198.0,196.0,45.0099983215332,110.9800033569336
196.0,196.0,45.0099983215332,110.9800033569336
199.0,195.0,45.0099983215332,110.9800033569336
203.0,193.0,45.0099983215332,110.9800033569336
191.0,194.0,45.0099983215332,110.9800033569336
211.0,192.0,45.0099983215332,110.9800033569336
199.0,193.0,45.0099983215332,110.9800033569336
173.0,194.0,45.0099983215332,110.9800033569336
2
0
0
0
0
1
246.0,225.0,52.290000915527344,93.8499984741211
250.0,224.0,52.290000915527344,93.8499984741211
254.0,222.0,52.290000915527344,93.8499984741211
258.0,222.0,52.290000915527344,93.8499984741211
262.0,221.0,52.290000915527344,93.8499984741211
266.0,221.0,52.290000915527344,93.8499984741211
269.0,222.0,52.290000915527344,93.8499984741211
273.0,223.0,52.290000915527344,93.8499984741211
278.0,230.0,52.290000915527344,93.8499984741211
281.0,233.0,52.290000915527344,93.8499984741211
283.0,235.0,52.290000915527344,93.8499984741211
285.0,231.0,52.290000915527344,93.8499984741211
285.0,229.0,52.290000915527344,93.8499984741211
284.0,227.0,52.290000915527344,93.8499984741211
283.0,225.0,52.290000915527344,93.8499984741211
282.0,223.0,52.290000915527344,93.8499984741211
281.0,223.0,52.290000915527344,93.8499984741211
280.0,221.0,52.290000915527344,93.8499984741211
279.0,220.0,52.290000915527344,93.8499984741211
277.0,221.0,52.290000915527344,93.8499984741211
276.0,220.0,52.290000915527344,93.8499984741211
274.0,219.0,52.290000915527344,93.8499984741211
273.0,219.0,52.290000915527344,93.8499984741211
272.0,219.0,52.290000915527344,93.8499984741211
272.0,215.0,52.290000915527344,93.8499984741211
273.0,214.0,52.290000915527344,93.8499984741211
270.0,223.0,52.290000915527344,93.8499984741211
268.0,222.0,52.290000915527344,93.8499984741211
266.0,223.0,52.290000915527344,93.8499984741211
261.0,224.0,52.290000915527344,93.8499984741211
258.0,224.0,52.290000915527344,93.8499984741211
253.0,224.0,52.290000915527344,93.8499984741211
255.0,225.0,52.290000915527344,93.8499984741211
249.0,225.0,52.290000915527344,93.8499984741211
244.0,225.0,52.290000915527344,93.8499984741211
225.0,203.0,52.290000915527344,93.8499984741211
216.0,202.0,52.290000915527344,93.8499984741211
209.0,201.0,52.290000915527344,93.8499984741211
209.0,202.0,52.290000915527344,93.8499984741211
203.0,202.0,52.290000915527344,93.8499984741211
198.0,202.0,52.290000915527344,93.8499984741211
203.0,222.0,52.290000915527344,93.8499984741211
197.0,222.0,52.290000915527344,93.8499984741211
177.0,203.0,52.290000915527344,93.8499984741211
169.0,203.0,52.290000915527344,93.8499984741211
163.0,204.0,52.290000915527344,93.8499984741211
158.0,206.0,52.290000915527344,93.8499984741211
152.0,205.0,52.290000915527344,93.8499984741211
147.0,204.0,52.290000915527344,93.8499984741211
144.0,205.0,52.290000915527344,93.8499984741211
140.0,206.0,52.290000915527344,93.8499984741211
137.0,206.0,52.290000915527344,93.8499984741211
134.0,209.0,52.290000915527344,93.8499984741211
130.0,210.0,52.290000915527344,93.8499984741211
127.0,211.0,52.290000915527344,93.8499984741211
120.0,207.0,52.290000915527344,93.8499984741211
114.0,208.0,52.290000915527344,93.8499984741211
108.0,212.0,52.290000915527344,93.8499984741211
106.0,215.0,52.290000915527344,93.8499984741211
109.0,229.0,52.290000915527344,93.8499984741211
108.0,216.0,52.290000915527344,93.8499984741211
109.0,210.0,52.290000915527344,93.8499984741211
110.0,207.0,52.290000915527344,93.8499984741211
106.0,203.0,52.290000915527344,93.8499984741211
105.0,203.0,52.290000915527344,93.8499984741211
104.0,203.0,52.290000915527344,93.8499984741211
104.0,219.0,52.290000915527344,93.8499984741211
104.0,216.0,52.290000915527344,93.8499984741211
106.0,208.0,52.290000915527344,93.8499984741211
107.0,201.0,52.290000915527344,93.8499984741211
108.0,198.0,52.290000915527344,93.8499984741211
109.0,195.0,52.290000915527344,93.8499984741211
108.0,190.0,52.290000915527344,93.8499984741211
111.0,185.0,52.290000915527344,93.8499984741211
114.0,189.0,52.290000915527344,93.8499984741211
117.0,192.0,52.290000915527344,93.8499984741211
120.0,192.0,52.290000915527344,93.8499984741211
119.0,185.0,52.290000915527344,93.8499984741211
125.0,194.0,52.290000915527344,93.8499984741211
128.0,192.0,52.290000915527344,93.8499984741211
133.0,199.0,52.290000915527344,93.8499984741211
136.0,189.0,52.290000915527344,93.8499984741211
142.0,183.0,52.290000915527344,93.8499984741211
147.0,180.0,52.290000915527344,93.8499984741211
150.0,178.0,52.290000915527344,93.8499984741211
152.0,177.0,52.290000915527344,93.8499984741211
157.0,181.0,52.290000915527344,93.8499984741211
159.0,183.0,52.290000915527344,93.8499984741211
162.0,184.0,52.290000915527344,93.8499984741211
166.0,181.0,52.290000915527344,93.8499984741211
170.0,179.0,52.290000915527344,93.8499984741211
173.0,172.0,52.290000915527344,93.8499984741211
175.0,174.0,52.290000915527344,93.8499984741211
177.0,173.0,52.290000915527344,93.8499984741211
181.0,171.0,52.290000915527344,93.8499984741211
184.0,171.0,52.290000915527344,93.8499984741211
187.0,172.0,52.290000915527344,93.8499984741211
190.0,173.0,52.290000915527344,93.8499984741211
193.0,173.0,52.290000915527344,93.8499984741211
196.0,172.0,52.290000915527344,93.8499984741211
198.0,172.0,52.290000915527344,93.8499984741211
198.0,171.0,52.290000915527344,93.8499984741211
200.0,169.0,52.290000915527344,93.8499984741211
202.0,164.0,52.290000915527344,93.8499984741211
204.0,163.0,52.290000915527344,93.8499984741211
205.0,163.0,52.290000915527344,93.8499984741211
206.0,163.0,52.290000915527344,93.8499984741211
207.0,163.0,52.290000915527344,93.8499984741211
208.0,163.0,52.290000915527344,93.8499984741211
209.0,164.0,52.290000915527344,93.8499984741211
211.0,163.0,52.290000915527344,93.8499984741211
213.0,163.0,52.290000915527344,93.8499984741211
214.0,163.0,52.290000915527344,93.8499984741211
229.0,188.0,52.290000915527344,93.8499984741211
227.0,192.0,52.290000915527344,93.8499984741211
224.0,207.0,52.290000915527344,93.8499984741211
227.0,207.0,52.290000915527344,93.8499984741211
227.0,208.0,52.290000915527344,93.8499984741211
227.0,209.0,52.290000915527344,93.8499984741211
229.0,208.0,52.290000915527344,93.8499984741211
232.0,207.0,52.290000915527344,93.8499984741211
228.0,192.0,52.290000915527344,93.8499984741211
228.0,181.0,52.290000915527344,93.8499984741211
234.0,179.0,52.290000915527344,93.8499984741211
246.0,179.0,52.290000915527344,93.8499984741211
252.0,179.0,52.290000915527344,93.8499984741211
256.0,179.0,52.290000915527344,93.8499984741211
258.0,179.0,52.290000915527344,93.8499984741211
259.0,179.0,52.290000915527344,93.8499984741211
244.0,190.0,52.290000915527344,93.8499984741211
247.0,194.0,52.290000915527344,93.8499984741211
250.0,194.0,52.290000915527344,93.8499984741211
254.0,192.0,52.290000915527344,93.8499984741211
260.0,186.0,52.290000915527344,93.8499984741211
263.0,185.0,52.290000915527344,93.8499984741211
264.0,185.0,52.290000915527344,93.8499984741211
263.0,192.0,52.290000915527344,93.8499984741211
259.0,217.0,52.290000915527344,93.8499984741211
260.0,221.0,52.290000915527344,93.8499984741211
267.0,220.0,52.290000915527344,93.8499984741211
264.0,194.0,52.290000915527344,93.8499984741211
268.0,192.0,52.290000915527344,93.8499984741211
268.0,197.0,52.290000915527344,93.8499984741211
291.0,221.0,52.290000915527344,93.8499984741211
295.0,221.0,52.290000915527344,93.8499984741211
316.0,217.0,52.290000915527344,93.8499984741211
2
0
0
0
0
1
276.0,143.0,44.68000030517578,109.61000061035156
277.0,142.0,44.68000030517578,109.61000061035156
277.0,141.0,44.68000030517578,109.61000061035156
277.0,141.0,44.68000030517578,109.61000061035156
278.0,142.0,44.68000030517578,109.61000061035156
278.0,144.0,44.68000030517578,109.61000061035156
278.0,145.0,44.68000030517578,109.61000061035156
279.0,148.0,44.68000030517578,109.61000061035156
277.0,149.0,44.68000030517578,109.61000061035156
277.0,150.0,44.68000030517578,109.61000061035156
277.0,150.0,44.68000030517578,109.61000061035156
275.0,150.0,44.68000030517578,109.61000061035156
272.0,149.0,44.68000030517578,109.61000061035156
271.0,149.0,44.68000030517578,109.61000061035156
270.0,149.0,44.68000030517578,109.61000061035156
273.0,148.0,44.68000030517578,109.61000061035156
276.0,148.0,44.68000030517578,109.61000061035156
279.0,148.0,44.68000030517578,109.61000061035156
279.0,147.0,44.68000030517578,109.61000061035156
277.0,148.0,44.68000030517578,109.61000061035156
277.0,149.0,44.68000030517578,109.61000061035156
278.0,150.0,44.68000030517578,109.61000061035156
279.0,151.0,44.68000030517578,109.61000061035156
278.0,145.0,44.68000030517578,109.61000061035156
278.0,150.0,44.68000030517578,109.61000061035156
275.0,144.0,44.68000030517578,109.61000061035156
275.0,145.0,44.68000030517578,109.61000061035156
274.0,148.0,44.68000030517578,109.61000061035156
274.0,149.0,44.68000030517578,109.61000061035156
274.0,159.0,44.68000030517578,109.61000061035156
274.0,159.0,44.68000030517578,109.61000061035156
271.0,146.0,44.68000030517578,109.61000061035156
274.0,143.0,44.68000030517578,109.61000061035156
273.0,143.0,44.68000030517578,109.61000061035156
271.0,145.0,44.68000030517578,109.61000061035156
271.0,145.0,44.68000030517578,109.61000061035156
273.0,145.0,44.68000030517578,109.61000061035156
274.0,142.0,44.68000030517578,109.61000061035156
274.0,141.0,44.68000030517578,109.61000061035156
273.0,142.0,44.68000030517578,109.61000061035156
271.0,142.0,44.68000030517578,109.61000061035156
268.0,142.0,44.68000030517578,109.61000061035156
267.0,143.0,44.68000030517578,109.61000061035156
266.0,143.0,44.68000030517578,109.61000061035156
264.0,144.0,44.68000030517578,109.61000061035156
263.0,143.0,44.68000030517578,109.61000061035156
263.0,140.0,44.68000030517578,109.61000061035156
260.0,140.0,44.68000030517578,109.61000061035156
258.0,139.0,44.68000030517578,109.61000061035156
256.0,139.0,44.68000030517578,109.61000061035156
253.0,138.0,44.68000030517578,109.61000061035156
251.0,137.0,44.68000030517578,109.61000061035156
250.0,137.0,44.68000030517578,109.61000061035156
247.0,141.0,44.68000030517578,109.61000061035156
247.0,136.0,44.68000030517578,109.61000061035156
272.0,134.0,44.68000030517578,109.61000061035156
2
0
0
0
0
1
229.0,185.0,35.150001525878906,120.7699966430664
227.0,187.0,35.150001525878906,120.7699966430664
225.0,183.0,35.150001525878906,120.7699966430664
220.0,179.0,35.150001525878906,120.7699966430664
217.0,177.0,35.150001525878906,120.7699966430664
214.0,177.0,35.150001525878906,120.7699966430664
213.0,177.0,35.150001525878906,120.7699966430664
213.0,178.0,35.150001525878906,120.7699966430664
211.0,180.0,35.150001525878906,120.7699966430664
208.0,182.0,35.150001525878906,120.7699966430664
204.0,184.0,35.150001525878906,120.7699966430664
201.0,185.0,35.150001525878906,120.7699966430664
199.0,176.0,35.150001525878906,120.7699966430664
195.0,186.0,35.150001525878906,120.7699966430664
194.0,186.0,35.150001525878906,120.7699966430664
192.0,187.0,35.150001525878906,120.7699966430664
193.0,187.0,35.150001525878906,120.7699966430664
194.0,176.0,35.150001525878906,120.7699966430664
188.0,188.0,35.150001525878906,120.7699966430664
188.0,187.0,35.150001525878906,120.7699966430664
192.0,185.0,35.150001525878906,120.7699966430664
187.0,180.0,35.150001525878906,120.7699966430664
190.0,201.0,35.150001525878906,120.7699966430664
183.0,180.0,35.150001525878906,120.7699966430664
183.0,179.0,35.150001525878906,120.7699966430664
182.0,180.0,35.150001525878906,120.7699966430664
187.0,195.0,35.150001525878906,120.7699966430664
188.0,185.0,35.150001525878906,120.7699966430664
185.0,184.0,35.150001525878906,120.7699966430664
181.0,197.0,35.150001525878906,120.7699966430664
186.0,209.0,35.150001525878906,120.7699966430664
190.0,211.0,35.150001525878906,120.7699966430664
170.0,201.0,35.150001525878906,120.7699966430664
172.0,200.0,35.150001525878906,120.7699966430664
174.0,200.0,35.150001525878906,120.7699966430664
175.0,208.0,35.150001525878906,120.7699966430664
168.0,183.0,35.150001525878906,120.7699966430664
176.0,185.0,35.150001525878906,120.7699966430664
176.0,187.0,35.150001525878906,120.7699966430664
179.0,180.0,35.150001525878906,120.7699966430664
180.0,181.0,35.150001525878906,120.7699966430664
182.0,179.0,35.150001525878906,120.7699966430664
183.0,178.0,35.150001525878906,120.7699966430664
184.0,177.0,35.150001525878906,120.7699966430664
184.0,176.0,35.150001525878906,120.7699966430664
183.0,184.0,35.150001525878906,120.7699966430664
182.0,184.0,35.150001525878906,120.7699966430664
181.0,185.0,35.150001525878906,120.7699966430664
181.0,184.0,35.150001525878906,120.7699966430664
181.0,186.0,35.150001525878906,120.7699966430664
177.0,190.0,35.150001525878906,120.7699966430664
175.0,188.0,35.150001525878906,120.7699966430664
172.0,187.0,35.150001525878906,120.7699966430664
171.0,186.0,35.150001525878906,120.7699966430664
170.0,186.0,35.150001525878906,120.7699966430664
169.0,186.0,35.150001525878906,120.7699966430664
167.0,188.0,35.150001525878906,120.7699966430664
165.0,190.0,35.150001525878906,120.7699966430664
157.0,204.0,35.150001525878906,120.7699966430664
156.0,206.0,35.150001525878906,120.7699966430664
155.0,207.0,35.150001525878906,120.7699966430664
154.0,211.0,35.150001525878906,120.7699966430664
154.0,206.0,35.150001525878906,120.7699966430664
152.0,213.0,35.150001525878906,120.7699966430664
155.0,195.0,35.150001525878906,120.7699966430664
151.0,197.0,35.150001525878906,120.7699966430664
148.0,200.0,35.150001525878906,120.7699966430664
144.0,200.0,35.150001525878906,120.7699966430664
142.0,195.0,35.150001525878906,120.7699966430664
133.0,202.0,35.150001525878906,120.7699966430664
139.0,228.0,35.150001525878906,120.7699966430664
139.0,236.0,35.150001525878906,120.7699966430664
137.0,235.0,35.150001525878906,120.7699966430664
136.0,235.0,35.150001525878906,120.7699966430664
135.0,236.0,35.150001525878906,120.7699966430664
134.0,235.0,35.150001525878906,120.7699966430664
134.0,235.0,35.150001525878906,120.7699966430664
134.0,235.0,35.150001525878906,120.7699966430664
134.0,230.0,35.150001525878906,120.7699966430664
119.0,213.0,35.150001525878906,120.7699966430664
119.0,214.0,35.150001525878906,120.7699966430664
120.0,215.0,35.150001525878906,120.7699966430664
113.0,237.0,35.150001525878906,120.7699966430664
113.0,238.0,35.150001525878906,120.7699966430664
114.0,239.0,35.150001525878906,120.7699966430664
114.0,240.0,35.150001525878906,120.7699966430664
115.0,241.0,35.150001525878906,120.7699966430664
117.0,242.0,35.150001525878906,120.7699966430664
125.0,236.0,35.150001525878906,120.7699966430664
126.0,236.0,35.150001525878906,120.7699966430664
128.0,237.0,35.150001525878906,120.7699966430664
130.0,237.0,35.150001525878906,120.7699966430664
125.0,239.0,35.150001525878906,120.7699966430664
125.0,239.0,35.150001525878906,120.7699966430664
125.0,239.0,35.150001525878906,120.7699966430664
135.0,238.0,35.150001525878906,120.7699966430664
125.0,237.0,35.150001525878906,120.7699966430664
148.0,239.0,35.150001525878906,120.7699966430664
148.0,239.0,35.150001525878906,120.7699966430664
148.0,240.0,35.150001525878906,120.7699966430664
149.0,240.0,35.150001525878906,120.7699966430664
149.0,240.0,35.150001525878906,120.7699966430664
149.0,242.0,35.150001525878906,120.7699966430664
149.0,242.0,35.150001525878906,120.7699966430664
146.0,238.0,35.150001525878906,120.7699966430664
137.0,212.0,35.150001525878906,120.7699966430664
138.0,211.0,35.150001525878906,120.7699966430664
139.0,211.0,35.150001525878906,120.7699966430664
138.0,213.0,35.150001525878906,120.7699966430664
138.0,213.0,35.150001525878906,120.7699966430664
136.0,224.0,35.150001525878906,120.7699966430664
129.0,236.0,35.150001525878906,120.7699966430664
129.0,237.0,35.150001525878906,120.7699966430664
131.0,237.0,35.150001525878906,120.7699966430664
131.0,237.0,35.150001525878906,120.7699966430664
131.0,238.0,35.150001525878906,120.7699966430664
132.0,239.0,35.150001525878906,120.7699966430664
132.0,240.0,35.150001525878906,120.7699966430664
132.0,241.0,35.150001525878906,120.7699966430664
133.0,241.0,35.150001525878906,120.7699966430664
133.0,245.0,35.150001525878906,120.7699966430664
133.0,241.0,35.150001525878906,120.7699966430664
134.0,242.0,35.150001525878906,120.7699966430664
135.0,242.0,35.150001525878906,120.7699966430664
136.0,243.0,35.150001525878906,120.7699966430664
137.0,243.0,35.150001525878906,120.7699966430664
137.0,243.0,35.150001525878906,120.7699966430664
138.0,244.0,35.150001525878906,120.7699966430664
139.0,244.0,35.150001525878906,120.7699966430664
139.0,244.0,35.150001525878906,120.7699966430664
140.0,245.0,35.150001525878906,120.7699966430664
141.0,245.0,35.150001525878906,120.7699966430664
141.0,245.0,35.150001525878906,120.7699966430664
142.0,246.0,35.150001525878906,120.7699966430664
142.0,246.0,35.150001525878906,120.7699966430664
143.0,246.0,35.150001525878906,120.7699966430664
143.0,247.0,35.150001525878906,120.7699966430664
144.0,248.0,35.150001525878906,120.7699966430664
144.0,247.0,35.150001525878906,120.7699966430664
145.0,248.0,35.150001525878906,120.7699966430664
146.0,251.0,35.150001525878906,120.7699966430664
146.0,248.0,35.150001525878906,120.7699966430664
147.0,250.0,35.150001525878906,120.7699966430664
147.0,251.0,35.150001525878906,120.7699966430664
146.0,248.0,35.150001525878906,120.7699966430664
146.0,247.0,35.150001525878906,120.7699966430664
144.0,246.0,35.150001525878906,120.7699966430664
145.0,246.0,35.150001525878906,120.7699966430664
146.0,256.0,35.150001525878906,120.7699966430664
137.0,256.0,35.150001525878906,120.7699966430664
156.0,242.0,35.150001525878906,120.7699966430664
147.0,217.0,35.150001525878906,120.7699966430664
147.0,217.0,35.150001525878906,120.7699966430664
148.0,217.0,35.150001525878906,120.7699966430664
149.0,217.0,35.150001525878906,120.7699966430664
149.0,217.0,35.150001525878906,120.7699966430664
150.0,218.0,35.150001525878906,120.7699966430664
150.0,218.0,35.150001525878906,120.7699966430664
150.0,218.0,35.150001525878906,120.7699966430664
150.0,218.0,35.150001525878906,120.7699966430664
161.0,241.0,35.150001525878906,120.7699966430664
135.0,242.0,35.150001525878906,120.7699966430664
137.0,242.0,35.150001525878906,120.7699966430664
138.0,242.0,35.150001525878906,120.7699966430664
138.0,242.0,35.150001525878906,120.7699966430664
139.0,242.0,35.150001525878906,120.7699966430664
140.0,242.0,35.150001525878906,120.7699966430664
140.0,242.0,35.150001525878906,120.7699966430664
153.0,217.0,35.150001525878906,120.7699966430664
127.0,191.0,35.150001525878906,120.7699966430664
125.0,178.0,35.150001525878906,120.7699966430664
2
0
0
0
0
1
156.0,218.0,48.54999923706055,129.47000122070312
157.0,218.0,48.54999923706055,129.47000122070312
157.0,218.0,48.54999923706055,129.47000122070312
158.0,218.0,48.54999923706055,129.47000122070312
159.0,218.0,48.54999923706055,129.47000122070312
160.0,219.0,48.54999923706055,129.47000122070312
161.0,219.0,48.54999923706055,129.47000122070312
163.0,219.0,48.54999923706055,129.47000122070312
164.0,219.0,48.54999923706055,129.47000122070312
165.0,219.0,48.54999923706055,129.47000122070312
167.0,220.0,48.54999923706055,129.47000122070312
168.0,220.0,48.54999923706055,129.47000122070312
170.0,220.0,48.54999923706055,129.47000122070312
172.0,220.0,48.54999923706055,129.47000122070312
174.0,221.0,48.54999923706055,129.47000122070312
179.0,221.0,48.54999923706055,129.47000122070312
182.0,221.0,48.54999923706055,129.47000122070312
167.0,222.0,48.54999923706055,129.47000122070312
183.0,221.0,48.54999923706055,129.47000122070312
185.0,222.0,48.54999923706055,129.47000122070312
187.0,222.0,48.54999923706055,129.47000122070312
188.0,222.0,48.54999923706055,129.47000122070312
190.0,222.0,48.54999923706055,129.47000122070312
192.0,225.0,48.54999923706055,129.47000122070312
194.0,225.0,48.54999923706055,129.47000122070312
194.0,226.0,48.54999923706055,129.47000122070312
196.0,226.0,48.54999923706055,129.47000122070312
200.0,227.0,48.54999923706055,129.47000122070312
201.0,227.0,48.54999923706055,129.47000122070312
204.0,228.0,48.54999923706055,129.47000122070312
207.0,229.0,48.54999923706055,129.47000122070312
208.0,230.0,48.54999923706055,129.47000122070312
208.0,231.0,48.54999923706055,129.47000122070312
213.0,222.0,48.54999923706055,129.47000122070312
216.0,224.0,48.54999923706055,129.47000122070312
223.0,208.0,48.54999923706055,129.47000122070312
225.0,226.0,48.54999923706055,129.47000122070312
213.0,237.0,48.54999923706055,129.47000122070312
214.0,237.0,48.54999923706055,129.47000122070312
216.0,238.0,48.54999923706055,129.47000122070312
220.0,238.0,48.54999923706055,129.47000122070312
2
0
0
0
0
1
281.0,218.0,53.56999969482422,125.80000305175781
291.0,217.0,53.56999969482422,125.80000305175781
297.0,217.0,53.56999969482422,125.80000305175781
305.0,217.0,53.56999969482422,125.80000305175781
311.0,218.0,53.56999969482422,125.80000305175781
317.0,220.0,53.56999969482422,125.80000305175781
341.0,226.0,53.56999969482422,125.80000305175781
346.0,226.0,53.56999969482422,125.80000305175781
347.0,224.0,53.56999969482422,125.80000305175781
346.0,221.0,53.56999969482422,125.80000305175781
371.0,220.0,53.56999969482422,125.80000305175781
373.0,220.0,53.56999969482422,125.80000305175781
373.0,219.0,53.56999969482422,125.80000305175781
372.0,219.0,53.56999969482422,125.80000305175781
394.0,222.0,53.56999969482422,125.80000305175781
390.0,223.0,53.56999969482422,125.80000305175781
399.0,240.0,53.56999969482422,125.80000305175781
399.0,241.0,53.56999969482422,125.80000305175781
399.0,254.0,53.56999969482422,125.80000305175781
416.0,279.0,53.56999969482422,125.80000305175781
418.0,273.0,53.56999969482422,125.80000305175781
413.0,275.0,53.56999969482422,125.80000305175781
411.0,273.0,53.56999969482422,125.80000305175781
409.0,270.0,53.56999969482422,125.80000305175781
406.0,270.0,53.56999969482422,125.80000305175781
402.0,267.0,53.56999969482422,125.80000305175781
398.0,265.0,53.56999969482422,125.80000305175781
417.0,255.0,53.56999969482422,125.80000305175781
414.0,231.0,53.56999969482422,125.80000305175781
410.0,230.0,53.56999969482422,125.80000305175781
405.0,227.0,53.56999969482422,125.80000305175781
401.0,224.0,53.56999969482422,125.80000305175781
397.0,222.0,53.56999969482422,125.80000305175781
393.0,220.0,53.56999969482422,125.80000305175781
393.0,216.0,53.56999969482422,125.80000305175781
390.0,214.0,53.56999969482422,125.80000305175781
393.0,201.0,53.56999969482422,125.80000305175781
389.0,201.0,53.56999969482422,125.80000305175781
385.0,200.0,53.56999969482422,125.80000305175781
381.0,200.0,53.56999969482422,125.80000305175781
355.0,179.0,53.56999969482422,125.80000305175781
353.0,178.0,53.56999969482422,125.80000305175781
352.0,179.0,53.56999969482422,125.80000305175781
350.0,178.0,53.56999969482422,125.80000305175781
348.0,178.0,53.56999969482422,125.80000305175781
347.0,177.0,53.56999969482422,125.80000305175781
346.0,177.0,53.56999969482422,125.80000305175781
345.0,175.0,53.56999969482422,125.80000305175781
343.0,173.0,53.56999969482422,125.80000305175781
341.0,172.0,53.56999969482422,125.80000305175781
340.0,171.0,53.56999969482422,125.80000305175781
340.0,170.0,53.56999969482422,125.80000305175781
340.0,169.0,53.56999969482422,125.80000305175781
340.0,169.0,53.56999969482422,125.80000305175781
340.0,169.0,53.56999969482422,125.80000305175781
340.0,170.0,53.56999969482422,125.80000305175781
338.0,169.0,53.56999969482422,125.80000305175781
337.0,170.0,53.56999969482422,125.80000305175781
337.0,172.0,53.56999969482422,125.80000305175781
341.0,173.0,53.56999969482422,125.80000305175781
340.0,173.0,53.56999969482422,125.80000305175781
339.0,172.0,53.56999969482422,125.80000305175781
338.0,171.0,53.56999969482422,125.80000305175781
337.0,172.0,53.56999969482422,125.80000305175781
332.0,197.0,53.56999969482422,125.80000305175781
328.0,203.0,53.56999969482422,125.80000305175781
329.0,195.0,53.56999969482422,125.80000305175781
325.0,204.0,53.56999969482422,125.80000305175781
324.0,204.0,53.56999969482422,125.80000305175781
326.0,196.0,53.56999969482422,125.80000305175781
325.0,196.0,53.56999969482422,125.80000305175781
324.0,197.0,53.56999969482422,125.80000305175781
321.0,202.0,53.56999969482422,125.80000305175781
320.0,202.0,53.56999969482422,125.80000305175781
320.0,202.0,53.56999969482422,125.80000305175781
333.0,176.0,53.56999969482422,125.80000305175781
332.0,175.0,53.56999969482422,125.80000305175781
332.0,175.0,53.56999969482422,125.80000305175781
317.0,200.0,53.56999969482422,125.80000305175781
313.0,209.0,53.56999969482422,125.80000305175781
312.0,209.0,53.56999969482422,125.80000305175781
311.0,210.0,53.56999969482422,125.80000305175781
311.0,211.0,53.56999969482422,125.80000305175781
312.0,204.0,53.56999969482422,125.80000305175781
312.0,202.0,53.56999969482422,125.80000305175781
311.0,201.0,53.56999969482422,125.80000305175781
312.0,196.0,53.56999969482422,125.80000305175781
310.0,197.0,53.56999969482422,125.80000305175781
309.0,196.0,53.56999969482422,125.80000305175781
308.0,184.0,53.56999969482422,125.80000305175781
308.0,183.0,53.56999969482422,125.80000305175781
307.0,177.0,53.56999969482422,125.80000305175781
306.0,177.0,53.56999969482422,125.80000305175781
306.0,179.0,53.56999969482422,125.80000305175781
309.0,182.0,53.56999969482422,125.80000305175781
308.0,183.0,53.56999969482422,125.80000305175781
306.0,183.0,53.56999969482422,125.80000305175781
305.0,185.0,53.56999969482422,125.80000305175781
305.0,185.0,53.56999969482422,125.80000305175781
306.0,184.0,53.56999969482422,125.80000305175781
310.0,178.0,53.56999969482422,125.80000305175781
285.0,169.0,53.56999969482422,125.80000305175781
284.0,168.0,53.56999969482422,125.80000305175781
308.0,182.0,53.56999969482422,125.80000305175781
309.0,182.0,53.56999969482422,125.80000305175781
284.0,156.0,53.56999969482422,125.80000305175781
285.0,155.0,53.56999969482422,125.80000305175781
287.0,156.0,53.56999969482422,125.80000305175781
288.0,156.0,53.56999969482422,125.80000305175781
289.0,156.0,53.56999969482422,125.80000305175781
289.0,159.0,53.56999969482422,125.80000305175781
285.0,167.0,53.56999969482422,125.80000305175781
299.0,141.0,53.56999969482422,125.80000305175781
300.0,142.0,53.56999969482422,125.80000305175781
300.0,142.0,53.56999969482422,125.80000305175781
285.0,167.0,53.56999969482422,125.80000305175781
284.0,165.0,53.56999969482422,125.80000305175781
284.0,161.0,53.56999969482422,125.80000305175781
285.0,157.0,53.56999969482422,125.80000305175781
276.0,167.0,53.56999969482422,125.80000305175781
277.0,166.0,53.56999969482422,125.80000305175781
278.0,163.0,53.56999969482422,125.80000305175781
297.0,173.0,53.56999969482422,125.80000305175781
283.0,147.0,53.56999969482422,125.80000305175781
297.0,171.0,53.56999969482422,125.80000305175781
284.0,146.0,53.56999969482422,125.80000305175781
294.0,171.0,53.56999969482422,125.80000305175781
292.0,185.0,53.56999969482422,125.80000305175781
293.0,180.0,53.56999969482422,125.80000305175781
285.0,164.0,53.56999969482422,125.80000305175781
288.0,160.0,53.56999969482422,125.80000305175781
291.0,159.0,53.56999969482422,125.80000305175781
294.0,158.0,53.56999969482422,125.80000305175781
297.0,161.0,53.56999969482422,125.80000305175781
300.0,151.0,53.56999969482422,125.80000305175781
306.0,137.0,53.56999969482422,125.80000305175781
308.0,138.0,53.56999969482422,125.80000305175781
308.0,144.0,53.56999969482422,125.80000305175781
310.0,144.0,53.56999969482422,125.80000305175781
309.0,156.0,53.56999969482422,125.80000305175781
311.0,156.0,53.56999969482422,125.80000305175781
313.0,156.0,53.56999969482422,125.80000305175781
315.0,157.0,53.56999969482422,125.80000305175781
326.0,139.0,53.56999969482422,125.80000305175781
318.0,159.0,53.56999969482422,125.80000305175781
319.0,159.0,53.56999969482422,125.80000305175781
320.0,150.0,53.56999969482422,125.80000305175781
330.0,132.0,53.56999969482422,125.80000305175781
334.0,127.0,53.56999969482422,125.80000305175781
332.0,130.0,53.56999969482422,125.80000305175781
336.0,130.0,53.56999969482422,125.80000305175781
337.0,135.0,53.56999969482422,125.80000305175781
321.0,130.0,53.56999969482422,125.80000305175781
323.0,127.0,53.56999969482422,125.80000305175781
322.0,125.0,53.56999969482422,125.80000305175781
324.0,123.0,53.56999969482422,125.80000305175781
330.0,142.0,53.56999969482422,125.80000305175781
333.0,133.0,53.56999969482422,125.80000305175781
324.0,147.0,53.56999969482422,125.80000305175781
322.0,144.0,53.56999969482422,125.80000305175781
318.0,169.0,53.56999969482422,125.80000305175781
320.0,175.0,53.56999969482422,125.80000305175781
328.0,200.0,53.56999969482422,125.80000305175781
302.0,221.0,53.56999969482422,125.80000305175781
316.0,207.0,53.56999969482422,125.80000305175781
313.0,210.0,53.56999969482422,125.80000305175781
313.0,215.0,53.56999969482422,125.80000305175781
316.0,198.0,53.56999969482422,125.80000305175781
313.0,221.0,53.56999969482422,125.80000305175781
314.0,222.0,53.56999969482422,125.80000305175781
319.0,214.0,53.56999969482422,125.80000305175781
322.0,215.0,53.56999969482422,125.80000305175781
324.0,216.0,53.56999969482422,125.80000305175781
323.0,217.0,53.56999969482422,125.80000305175781
324.0,218.0,53.56999969482422,125.80000305175781
324.0,219.0,53.56999969482422,125.80000305175781
324.0,220.0,53.56999969482422,125.80000305175781
320.0,215.0,53.56999969482422,125.80000305175781
321.0,218.0,53.56999969482422,125.80000305175781
323.0,220.0,53.56999969482422,125.80000305175781
324.0,223.0,53.56999969482422,125.80000305175781
330.0,205.0,53.56999969482422,125.80000305175781
332.0,210.0,53.56999969482422,125.80000305175781
335.0,212.0,53.56999969482422,125.80000305175781
338.0,216.0,53.56999969482422,125.80000305175781
341.0,220.0,53.56999969482422,125.80000305175781
347.0,225.0,53.56999969482422,125.80000305175781
351.0,228.0,53.56999969482422,125.80000305175781
355.0,230.0,53.56999969482422,125.80000305175781
359.0,234.0,53.56999969482422,125.80000305175781
358.0,258.0,53.56999969482422,125.80000305175781
367.0,236.0,53.56999969482422,125.80000305175781
370.0,244.0,53.56999969482422,125.80000305175781
371.0,264.0,53.56999969482422,125.80000305175781
2
0
0
0
0
1
333.0,216.0,47.95000076293945,88.76000213623047
333.0,217.0,47.95000076293945,88.76000213623047
333.0,217.0,47.95000076293945,88.76000213623047
333.0,217.0,47.95000076293945,88.76000213623047
334.0,216.0,47.95000076293945,88.76000213623047
334.0,216.0,47.95000076293945,88.76000213623047
334.0,214.0,47.95000076293945,88.76000213623047
334.0,214.0,47.95000076293945,88.76000213623047
334.0,212.0,47.95000076293945,88.76000213623047
335.0,211.0,47.95000076293945,88.76000213623047
336.0,210.0,47.95000076293945,88.76000213623047
336.0,210.0,47.95000076293945,88.76000213623047
335.0,210.0,47.95000076293945,88.76000213623047
337.0,216.0,47.95000076293945,88.76000213623047
337.0,216.0,47.95000076293945,88.76000213623047
337.0,216.0,47.95000076293945,88.76000213623047
337.0,216.0,47.95000076293945,88.76000213623047
338.0,238.0,47.95000076293945,88.76000213623047
338.0,216.0,47.95000076293945,88.76000213623047
341.0,216.0,47.95000076293945,88.76000213623047
341.0,216.0,47.95000076293945,88.76000213623047
339.0,216.0,47.95000076293945,88.76000213623047
337.0,217.0,47.95000076293945,88.76000213623047
336.0,216.0,47.95000076293945,88.76000213623047
335.0,217.0,47.95000076293945,88.76000213623047
335.0,217.0,47.95000076293945,88.76000213623047
335.0,217.0,47.95000076293945,88.76000213623047
335.0,217.0,47.95000076293945,88.76000213623047
334.0,217.0,47.95000076293945,88.76000213623047
335.0,219.0,47.95000076293945,88.76000213623047
334.0,218.0,47.95000076293945,88.76000213623047
334.0,218.0,47.95000076293945,88.76000213623047
333.0,218.0,47.95000076293945,88.76000213623047
332.0,219.0,47.95000076293945,88.76000213623047
331.0,219.0,47.95000076293945,88.76000213623047
331.0,219.0,47.95000076293945,88.76000213623047
330.0,219.0,47.95000076293945,88.76000213623047
329.0,219.0,47.95000076293945,88.76000213623047
328.0,218.0,47.95000076293945,88.76000213623047
332.0,221.0,47.95000076293945,88.76000213623047
332.0,221.0,47.95000076293945,88.76000213623047
332.0,221.0,47.95000076293945,88.76000213623047
333.0,221.0,47.95000076293945,88.76000213623047
328.0,221.0,47.95000076293945,88.76000213623047
325.0,221.0,47.95000076293945,88.76000213623047
325.0,221.0,47.95000076293945,88.76000213623047
324.0,221.0,47.95000076293945,88.76000213623047
322.0,220.0,47.95000076293945,88.76000213623047
322.0,220.0,47.95000076293945,88.76000213623047
321.0,221.0,47.95000076293945,88.76000213623047
320.0,221.0,47.95000076293945,88.76000213623047
318.0,220.0,47.95000076293945,88.76000213623047
315.0,219.0,47.95000076293945,88.76000213623047
295.0,244.0,47.95000076293945,88.76000213623047
288.0,250.0,47.95000076293945,88.76000213623047
