1
661.0,126.0,31.690000534057617,67.91999816894531
659.0,125.0,31.690000534057617,67.91999816894531
658.0,132.0,31.690000534057617,67.91999816894531
657.0,140.0,31.690000534057617,67.91999816894531
656.0,142.0,31.690000534057617,67.91999816894531
656.0,138.0,31.690000534057617,67.91999816894531
656.0,136.0,31.690000534057617,67.91999816894531
655.0,136.0,31.690000534057617,67.91999816894531
654.0,141.0,31.690000534057617,67.91999816894531
652.0,144.0,31.690000534057617,67.91999816894531
651.0,145.0,31.690000534057617,67.91999816894531
651.0,142.0,31.690000534057617,67.91999816894531
649.0,135.0,31.690000534057617,67.91999816894531
645.0,129.0,31.690000534057617,67.91999816894531
639.0,128.0,31.690000534057617,67.91999816894531
633.0,134.0,31.690000534057617,67.91999816894531
629.0,143.0,31.690000534057617,67.91999816894531
627.0,150.0,31.690000534057617,67.91999816894531
626.0,156.0,31.690000534057617,67.91999816894531
626.0,153.0,31.690000534057617,67.91999816894531
627.0,151.0,31.690000534057617,67.91999816894531
630.0,150.0,31.690000534057617,67.91999816894531
633.0,148.0,31.690000534057617,67.91999816894531
635.0,147.0,31.690000534057617,67.91999816894531
636.0,145.0,31.690000534057617,67.91999816894531
636.0,141.0,31.690000534057617,67.91999816894531
662.0,167.0,31.690000534057617,67.91999816894531
2
0
0
0
0
1
638.0,160.0,39.33000183105469,63.41999816894531
640.0,165.0,39.33000183105469,63.41999816894531
638.0,152.0,39.33000183105469,63.41999816894531
638.0,143.0,39.33000183105469,63.41999816894531
639.0,138.0,39.33000183105469,63.41999816894531
639.0,132.0,39.33000183105469,63.41999816894531
639.0,131.0,39.33000183105469,63.41999816894531
638.0,133.0,39.33000183105469,63.41999816894531
635.0,127.0,39.33000183105469,63.41999816894531
635.0,121.0,39.33000183105469,63.41999816894531
636.0,124.0,39.33000183105469,63.41999816894531
636.0,128.0,39.33000183105469,63.41999816894531
635.0,132.0,39.33000183105469,63.41999816894531
636.0,133.0,39.33000183105469,63.41999816894531
637.0,132.0,39.33000183105469,63.41999816894531
638.0,130.0,39.33000183105469,63.41999816894531
639.0,131.0,39.33000183105469,63.41999816894531
640.0,134.0,39.33000183105469,63.41999816894531
642.0,138.0,39.33000183105469,63.41999816894531
642.0,138.0,39.33000183105469,63.41999816894531
642.0,137.0,39.33000183105469,63.41999816894531
642.0,136.0,39.33000183105469,63.41999816894531
641.0,139.0,39.33000183105469,63.41999816894531
641.0,145.0,39.33000183105469,63.41999816894531
641.0,148.0,39.33000183105469,63.41999816894531
643.0,152.0,39.33000183105469,63.41999816894531
644.0,152.0,39.33000183105469,63.41999816894531
645.0,151.0,39.33000183105469,63.41999816894531
644.0,150.0,39.33000183105469,63.41999816894531
643.0,150.0,39.33000183105469,63.41999816894531
644.0,150.0,39.33000183105469,63.41999816894531
645.0,149.0,39.33000183105469,63.41999816894531
648.0,150.0,39.33000183105469,63.41999816894531
651.0,152.0,39.33000183105469,63.41999816894531
654.0,155.0,39.33000183105469,63.41999816894531
635.0,181.0,39.33000183105469,63.41999816894531
639.0,207.0,39.33000183105469,63.41999816894531
2
0
0
0
0
1
660.0,138.0,28.780000686645508,56.06999969482422
662.0,149.0,28.780000686645508,56.06999969482422
665.0,162.0,28.780000686645508,56.06999969482422
667.0,167.0,28.780000686645508,56.06999969482422
668.0,170.0,28.780000686645508,56.06999969482422
667.0,167.0,28.780000686645508,56.06999969482422
666.0,163.0,28.780000686645508,56.06999969482422
665.0,158.0,28.780000686645508,56.06999969482422
665.0,160.0,28.780000686645508,56.06999969482422
665.0,154.0,28.780000686645508,56.06999969482422
663.0,149.0,28.780000686645508,56.06999969482422
661.0,146.0,28.780000686645508,56.06999969482422
657.0,148.0,28.780000686645508,56.06999969482422
654.0,152.0,28.780000686645508,56.06999969482422
652.0,153.0,28.780000686645508,56.06999969482422
649.0,157.0,28.780000686645508,56.06999969482422
648.0,160.0,28.780000686645508,56.06999969482422
648.0,161.0,28.780000686645508,56.06999969482422
648.0,160.0,28.780000686645508,56.06999969482422
649.0,161.0,28.780000686645508,56.06999969482422
650.0,159.0,28.780000686645508,56.06999969482422
650.0,159.0,28.780000686645508,56.06999969482422
650.0,159.0,28.780000686645508,56.06999969482422
651.0,161.0,28.780000686645508,56.06999969482422
650.0,162.0,28.780000686645508,56.06999969482422
649.0,160.0,28.780000686645508,56.06999969482422
647.0,159.0,28.780000686645508,56.06999969482422
646.0,160.0,28.780000686645508,56.06999969482422
645.0,162.0,28.780000686645508,56.06999969482422
645.0,160.0,28.780000686645508,56.06999969482422
645.0,159.0,28.780000686645508,56.06999969482422
646.0,160.0,28.780000686645508,56.06999969482422
646.0,163.0,28.780000686645508,56.06999969482422
658.0,176.0,28.780000686645508,56.06999969482422
672.0,202.0,28.780000686645508,56.06999969482422
654.0,216.0,28.780000686645508,56.06999969482422
2
0
0
0
0
1
642.0,165.0,27.559999465942383,57.720001220703125
643.0,162.0,27.559999465942383,57.720001220703125
643.0,161.0,27.559999465942383,57.720001220703125
643.0,162.0,27.559999465942383,57.720001220703125
642.0,160.0,27.559999465942383,57.720001220703125
641.0,157.0,27.559999465942383,57.720001220703125
641.0,157.0,27.559999465942383,57.720001220703125
641.0,157.0,27.559999465942383,57.720001220703125
641.0,159.0,27.559999465942383,57.720001220703125
642.0,159.0,27.559999465942383,57.720001220703125
641.0,160.0,27.559999465942383,57.720001220703125
640.0,159.0,27.559999465942383,57.720001220703125
639.0,161.0,27.559999465942383,57.720001220703125
639.0,160.0,27.559999465942383,57.720001220703125
639.0,158.0,27.559999465942383,57.720001220703125
640.0,155.0,27.559999465942383,57.720001220703125
642.0,150.0,27.559999465942383,57.720001220703125
644.0,145.0,27.559999465942383,57.720001220703125
645.0,142.0,27.559999465942383,57.720001220703125
644.0,142.0,27.559999465942383,57.720001220703125
618.0,146.0,27.559999465942383,57.720001220703125
2
0
0
0
0
1
636.0,152.0,41.150001525878906,62.33000183105469
635.0,154.0,41.150001525878906,62.33000183105469
635.0,155.0,41.150001525878906,62.33000183105469
634.0,156.0,41.150001525878906,62.33000183105469
634.0,159.0,41.150001525878906,62.33000183105469
635.0,162.0,41.150001525878906,62.33000183105469
637.0,165.0,41.150001525878906,62.33000183105469
639.0,166.0,41.150001525878906,62.33000183105469
639.0,168.0,41.150001525878906,62.33000183105469
639.0,168.0,41.150001525878906,62.33000183105469
639.0,168.0,41.150001525878906,62.33000183105469
640.0,168.0,41.150001525878906,62.33000183105469
614.0,193.0,41.150001525878906,62.33000183105469
2
0
0
0
0
1
643.0,159.0,37.040000915527344,79.04000091552734
643.0,156.0,37.040000915527344,79.04000091552734
643.0,155.0,37.040000915527344,79.04000091552734
644.0,157.0,37.040000915527344,79.04000091552734
646.0,156.0,37.040000915527344,79.04000091552734
647.0,155.0,37.040000915527344,79.04000091552734
648.0,155.0,37.040000915527344,79.04000091552734
648.0,157.0,37.040000915527344,79.04000091552734
648.0,158.0,37.040000915527344,79.04000091552734
650.0,160.0,37.040000915527344,79.04000091552734
651.0,159.0,37.040000915527344,79.04000091552734
653.0,159.0,37.040000915527344,79.04000091552734
654.0,161.0,37.040000915527344,79.04000091552734
652.0,160.0,37.040000915527344,79.04000091552734
651.0,156.0,37.040000915527344,79.04000091552734
652.0,151.0,37.040000915527344,79.04000091552734
653.0,156.0,37.040000915527344,79.04000091552734
655.0,157.0,37.040000915527344,79.04000091552734
655.0,153.0,37.040000915527344,79.04000091552734
656.0,152.0,37.040000915527344,79.04000091552734
656.0,152.0,37.040000915527344,79.04000091552734
630.0,144.0,37.040000915527344,79.04000091552734
620.0,170.0,37.040000915527344,79.04000091552734
625.0,185.0,37.040000915527344,79.04000091552734
627.0,181.0,37.040000915527344,79.04000091552734
629.0,182.0,37.040000915527344,79.04000091552734
