1
661.0,126.0,31.690000534057617,67.91999816894531
659.0,125.0,31.690000534057617,67.91999816894531
658.0,132.0,31.690000534057617,67.91999816894531
657.0,140.0,31.690000534057617,67.91999816894531
656.0,142.0,31.690000534057617,67.91999816894531
656.0,138.0,31.690000534057617,67.91999816894531
656.0,136.0,31.690000534057617,67.91999816894531
655.0,136.0,31.690000534057617,67.91999816894531
654.0,141.0,31.690000534057617,67.91999816894531
652.0,144.0,31.690000534057617,67.91999816894531
651.0,145.0,31.690000534057617,67.91999816894531
651.0,142.0,31.690000534057617,67.91999816894531
649.0,135.0,31.690000534057617,67.91999816894531
645.0,129.0,31.690000534057617,67.91999816894531
639.0,128.0,31.690000534057617,67.91999816894531
633.0,134.0,31.690000534057617,67.91999816894531
629.0,143.0,31.690000534057617,67.91999816894531
627.0,150.0,31.690000534057617,67.91999816894531
626.0,156.0,31.690000534057617,67.91999816894531
626.0,153.0,31.690000534057617,67.91999816894531
627.0,151.0,31.690000534057617,67.91999816894531
630.0,150.0,31.690000534057617,67.91999816894531
633.0,148.0,31.690000534057617,67.91999816894531
635.0,147.0,31.690000534057617,67.91999816894531
636.0,145.0,31.690000534057617,67.91999816894531
636.0,141.0,31.690000534057617,67.91999816894531
662.0,167.0,31.690000534057617,67.91999816894531
672.0,161.0,31.690000534057617,67.91999816894531
676.0,164.0,31.690000534057617,67.91999816894531
675.0,168.0,31.690000534057617,67.91999816894531
676.0,176.0,31.690000534057617,67.91999816894531
679.0,174.0,31.690000534057617,67.91999816894531
667.0,183.0,31.690000534057617,67.91999816894531
669.0,195.0,31.690000534057617,67.91999816894531
670.0,200.0,31.690000534057617,67.91999816894531
669.0,187.0,31.690000534057617,67.91999816894531
669.0,179.0,31.690000534057617,67.91999816894531
669.0,175.0,31.690000534057617,67.91999816894531
669.0,169.0,31.690000534057617,67.91999816894531
685.0,161.0,31.690000534057617,67.91999816894531
667.0,170.0,31.690000534057617,67.91999816894531
683.0,157.0,31.690000534057617,67.91999816894531
688.0,161.0,31.690000534057617,67.91999816894531
686.0,158.0,31.690000534057617,67.91999816894531
687.0,162.0,31.690000534057617,67.91999816894531
687.0,166.0,31.690000534057617,67.91999816894531
689.0,168.0,31.690000534057617,67.91999816894531
691.0,168.0,31.690000534057617,67.91999816894531
697.0,173.0,31.690000534057617,67.91999816894531
699.0,175.0,31.690000534057617,67.91999816894531
702.0,179.0,31.690000534057617,67.91999816894531
705.0,183.0,31.690000534057617,67.91999816894531
707.0,184.0,31.690000534057617,67.91999816894531
704.0,182.0,31.690000534057617,67.91999816894531
705.0,182.0,31.690000534057617,67.91999816894531
707.0,187.0,31.690000534057617,67.91999816894531
707.0,193.0,31.690000534057617,67.91999816894531
709.0,196.0,31.690000534057617,67.91999816894531
711.0,200.0,31.690000534057617,67.91999816894531
714.0,201.0,31.690000534057617,67.91999816894531
716.0,200.0,31.690000534057617,67.91999816894531
716.0,200.0,31.690000534057617,67.91999816894531
719.0,201.0,31.690000534057617,67.91999816894531
720.0,201.0,31.690000534057617,67.91999816894531
723.0,201.0,31.690000534057617,67.91999816894531
727.0,202.0,31.690000534057617,67.91999816894531
732.0,205.0,31.690000534057617,67.91999816894531
706.0,231.0,31.690000534057617,67.91999816894531
681.0,257.0,31.690000534057617,67.91999816894531
655.0,267.0,31.690000534057617,67.91999816894531
664.0,276.0,31.690000534057617,67.91999816894531
675.0,300.0,31.690000534057617,67.91999816894531
654.0,312.0,31.690000534057617,67.91999816894531
640.0,324.0,31.690000534057617,67.91999816894531
661.0,298.0,31.690000534057617,67.91999816894531
660.0,298.0,31.690000534057617,67.91999816894531
658.0,302.0,31.690000534057617,67.91999816894531
660.0,301.0,31.690000534057617,67.91999816894531
649.0,322.0,31.690000534057617,67.91999816894531
658.0,341.0,31.690000534057617,67.91999816894531
683.0,360.0,31.690000534057617,67.91999816894531
694.0,381.0,31.690000534057617,67.91999816894531
709.0,399.0,31.690000534057617,67.91999816894531
697.0,390.0,31.690000534057617,67.91999816894531
707.0,416.0,31.690000534057617,67.91999816894531
707.0,414.0,31.690000534057617,67.91999816894531
706.0,413.0,31.690000534057617,67.91999816894531
705.0,419.0,31.690000534057617,67.91999816894531
728.0,417.0,31.690000534057617,67.91999816894531
736.0,412.0,31.690000534057617,67.91999816894531
736.0,412.0,31.690000534057617,67.91999816894531
736.0,409.0,31.690000534057617,67.91999816894531
733.0,397.0,31.690000534057617,67.91999816894531
735.0,399.0,31.690000534057617,67.91999816894531
742.0,395.0,31.690000534057617,67.91999816894531
716.0,396.0,31.690000534057617,67.91999816894531
699.0,379.0,31.690000534057617,67.91999816894531
700.0,381.0,31.690000534057617,67.91999816894531
715.0,357.0,31.690000534057617,67.91999816894531
698.0,381.0,31.690000534057617,67.91999816894531
717.0,386.0,31.690000534057617,67.91999816894531
715.0,393.0,31.690000534057617,67.91999816894531
712.0,410.0,31.690000534057617,67.91999816894531
726.0,422.0,31.690000534057617,67.91999816894531
731.0,445.0,31.690000534057617,67.91999816894531
737.0,444.0,31.690000534057617,67.91999816894531
736.0,452.0,31.690000534057617,67.91999816894531
725.0,443.0,31.690000534057617,67.91999816894531
732.0,466.0,31.690000534057617,67.91999816894531
732.0,489.0,31.690000534057617,67.91999816894531
757.0,511.0,31.690000534057617,67.91999816894531
765.0,501.0,31.690000534057617,67.91999816894531
749.0,525.0,31.690000534057617,67.91999816894531
766.0,543.0,31.690000534057617,67.91999816894531
792.0,566.0,31.690000534057617,67.91999816894531
795.0,586.0,31.690000534057617,67.91999816894531
808.0,611.0,31.690000534057617,67.91999816894531
810.0,590.0,31.690000534057617,67.91999816894531
789.0,564.0,31.690000534057617,67.91999816894531
811.0,582.0,31.690000534057617,67.91999816894531
831.0,608.0,31.690000534057617,67.91999816894531
846.0,612.0,31.690000534057617,67.91999816894531
871.0,592.0,31.690000534057617,67.91999816894531
870.0,591.0,31.690000534057617,67.91999816894531
870.0,592.0,31.690000534057617,67.91999816894531
871.0,591.0,31.690000534057617,67.91999816894531
857.0,599.0,31.690000534057617,67.91999816894531
858.0,600.0,31.690000534057617,67.91999816894531
857.0,600.0,31.690000534057617,67.91999816894531
851.0,605.0,31.690000534057617,67.91999816894531
852.0,605.0,31.690000534057617,67.91999816894531
873.0,597.0,31.690000534057617,67.91999816894531
875.0,595.0,31.690000534057617,67.91999816894531
861.0,594.0,31.690000534057617,67.91999816894531
837.0,612.0,31.690000534057617,67.91999816894531
811.0,608.0,31.690000534057617,67.91999816894531
785.0,613.0,31.690000534057617,67.91999816894531
783.0,611.0,31.690000534057617,67.91999816894531
782.0,612.0,31.690000534057617,67.91999816894531
781.0,613.0,31.690000534057617,67.91999816894531
793.0,602.0,31.690000534057617,67.91999816894531
791.0,601.0,31.690000534057617,67.91999816894531
794.0,605.0,31.690000534057617,67.91999816894531
793.0,603.0,31.690000534057617,67.91999816894531
801.0,607.0,31.690000534057617,67.91999816894531
792.0,605.0,31.690000534057617,67.91999816894531
792.0,610.0,31.690000534057617,67.91999816894531
789.0,610.0,31.690000534057617,67.91999816894531
789.0,612.0,31.690000534057617,67.91999816894531
787.0,613.0,31.690000534057617,67.91999816894531
782.0,614.0,31.690000534057617,67.91999816894531
782.0,614.0,31.690000534057617,67.91999816894531
775.0,614.0,31.690000534057617,67.91999816894531
749.0,614.0,31.690000534057617,67.91999816894531
744.0,602.0,31.690000534057617,67.91999816894531
760.0,614.0,31.690000534057617,67.91999816894531
786.0,614.0,31.690000534057617,67.91999816894531
788.0,614.0,31.690000534057617,67.91999816894531
790.0,614.0,31.690000534057617,67.91999816894531
787.0,614.0,31.690000534057617,67.91999816894531
795.0,614.0,31.690000534057617,67.91999816894531
794.0,614.0,31.690000534057617,67.91999816894531
794.0,614.0,31.690000534057617,67.91999816894531
793.0,614.0,31.690000534057617,67.91999816894531
792.0,614.0,31.690000534057617,67.91999816894531
790.0,614.0,31.690000534057617,67.91999816894531
802.0,614.0,31.690000534057617,67.91999816894531
793.0,614.0,31.690000534057617,67.91999816894531
791.0,614.0,31.690000534057617,67.91999816894531
792.0,614.0,31.690000534057617,67.91999816894531
802.0,614.0,31.690000534057617,67.91999816894531
783.0,614.0,31.690000534057617,67.91999816894531
791.0,614.0,31.690000534057617,67.91999816894531
765.0,588.0,31.690000534057617,67.91999816894531
757.0,573.0,31.690000534057617,67.91999816894531
766.0,547.0,31.690000534057617,67.91999816894531
792.0,538.0,31.690000534057617,67.91999816894531
806.0,531.0,31.690000534057617,67.91999816894531
821.0,505.0,31.690000534057617,67.91999816894531
822.0,505.0,31.690000534057617,67.91999816894531
797.0,481.0,31.690000534057617,67.91999816894531
796.0,481.0,31.690000534057617,67.91999816894531
776.0,455.0,31.690000534057617,67.91999816894531
790.0,449.0,31.690000534057617,67.91999816894531
784.0,442.0,31.690000534057617,67.91999816894531
779.0,421.0,31.690000534057617,67.91999816894531
763.0,395.0,31.690000534057617,67.91999816894531
779.0,369.0,31.690000534057617,67.91999816894531
789.0,359.0,31.690000534057617,67.91999816894531
790.0,357.0,31.690000534057617,67.91999816894531
