1
34.0,60.0,69.48200225830078,84.46399688720703
38.0,66.0,69.48200225830078,84.46399688720703
42.0,71.0,69.48200225830078,84.46399688720703
49.0,75.0,69.48200225830078,84.46399688720703
60.0,76.0,69.48200225830078,84.46399688720703
70.0,76.0,69.48200225830078,84.46399688720703
76.0,76.0,69.48200225830078,84.46399688720703
90.0,85.0,69.48200225830078,84.46399688720703
98.0,88.0,69.48200225830078,84.46399688720703
107.0,89.0,69.48200225830078,84.46399688720703
116.0,90.0,69.48200225830078,84.46399688720703
120.0,84.0,69.48200225830078,84.46399688720703
123.0,79.0,69.48200225830078,84.46399688720703
128.0,75.0,69.48200225830078,84.46399688720703
133.0,71.0,69.48200225830078,84.46399688720703
141.0,69.0,69.48200225830078,84.46399688720703
150.0,68.0,69.48200225830078,84.46399688720703
159.0,71.0,69.48200225830078,84.46399688720703
173.0,70.0,69.48200225830078,84.46399688720703
190.0,71.0,69.48200225830078,84.46399688720703
205.0,71.0,69.48200225830078,84.46399688720703
222.0,70.0,69.48200225830078,84.46399688720703
238.0,70.0,69.48200225830078,84.46399688720703
255.0,69.0,69.48200225830078,84.46399688720703
268.0,69.0,69.48200225830078,84.46399688720703
280.0,69.0,69.48200225830078,84.46399688720703
284.0,55.0,69.48200225830078,84.46399688720703
288.0,54.0,69.48200225830078,84.46399688720703
289.0,54.0,69.48200225830078,84.46399688720703
284.0,65.0,69.48200225830078,84.46399688720703
275.0,65.0,69.48200225830078,84.46399688720703
258.0,65.0,69.48200225830078,84.46399688720703
247.0,63.0,69.48200225830078,84.46399688720703
255.0,65.0,69.48200225830078,84.46399688720703
229.0,70.0,69.48200225830078,84.46399688720703
203.0,68.0,69.48200225830078,84.46399688720703
196.0,72.0,69.48200225830078,84.46399688720703
192.0,78.0,69.48200225830078,84.46399688720703
181.0,78.0,69.48200225830078,84.46399688720703
166.0,92.0,69.48200225830078,84.46399688720703
156.0,92.0,69.48200225830078,84.46399688720703
133.0,73.0,69.48200225830078,84.46399688720703
117.0,54.0,69.48200225830078,84.46399688720703
118.0,78.0,69.48200225830078,84.46399688720703
122.0,86.0,69.48200225830078,84.46399688720703
118.0,86.0,69.48200225830078,84.46399688720703
115.0,86.0,69.48200225830078,84.46399688720703
113.0,84.0,69.48200225830078,84.46399688720703
114.0,82.0,69.48200225830078,84.46399688720703
116.0,80.0,69.48200225830078,84.46399688720703
120.0,80.0,69.48200225830078,84.46399688720703
128.0,81.0,69.48200225830078,84.46399688720703
138.0,83.0,69.48200225830078,84.46399688720703
157.0,85.0,69.48200225830078,84.46399688720703
170.0,83.0,69.48200225830078,84.46399688720703
185.0,80.0,69.48200225830078,84.46399688720703
203.0,78.0,69.48200225830078,84.46399688720703
222.0,79.0,69.48200225830078,84.46399688720703
239.0,78.0,69.48200225830078,84.46399688720703
256.0,77.0,69.48200225830078,84.46399688720703
269.0,74.0,69.48200225830078,84.46399688720703
283.0,70.0,69.48200225830078,84.46399688720703
293.0,66.0,69.48200225830078,84.46399688720703
302.0,62.0,69.48200225830078,84.46399688720703
305.0,60.0,69.48200225830078,84.46399688720703
305.0,58.0,69.48200225830078,84.46399688720703
303.0,58.0,69.48200225830078,84.46399688720703
293.0,61.0,69.48200225830078,84.46399688720703
278.0,66.0,69.48200225830078,84.46399688720703
256.0,73.0,69.48200225830078,84.46399688720703
261.0,85.0,69.48200225830078,84.46399688720703
237.0,85.0,69.48200225830078,84.46399688720703
221.0,86.0,69.48200225830078,84.46399688720703
197.0,88.0,69.48200225830078,84.46399688720703
171.0,91.0,69.48200225830078,84.46399688720703
152.0,86.0,69.48200225830078,84.46399688720703
177.0,69.0,69.48200225830078,84.46399688720703
2
0
0
0
0
1
0.0,83.0,56.0,85.0
0.0,83.0,56.0,85.0
0.0,83.0,56.0,85.0
0.0,83.0,56.0,85.0
0.0,83.0,56.0,85.0
8.0,82.0,56.0,85.0
14.0,81.0,56.0,85.0
20.0,81.0,56.0,85.0
24.0,82.0,56.0,85.0
26.0,85.0,56.0,85.0
34.0,89.0,56.0,85.0
42.0,92.0,56.0,85.0
50.0,94.0,56.0,85.0
63.0,97.0,56.0,85.0
71.0,99.0,56.0,85.0
85.0,101.0,56.0,85.0
97.0,100.0,56.0,85.0
117.0,101.0,56.0,85.0
110.0,115.0,56.0,85.0
129.0,117.0,56.0,85.0
150.0,119.0,56.0,85.0
176.0,111.0,56.0,85.0
200.0,118.0,56.0,85.0
223.0,129.0,56.0,85.0
249.0,129.0,56.0,85.0
268.0,125.0,56.0,85.0
294.0,123.0,56.0,85.0
317.0,120.0,56.0,85.0
333.0,118.0,56.0,85.0
346.0,115.0,56.0,85.0
351.0,111.0,56.0,85.0
351.0,108.0,56.0,85.0
348.0,106.0,56.0,85.0
341.0,106.0,56.0,85.0
358.0,83.0,56.0,85.0
344.0,78.0,56.0,85.0
326.0,76.0,56.0,85.0
310.0,75.0,56.0,85.0
297.0,76.0,56.0,85.0
288.0,70.0,56.0,85.0
285.0,69.0,56.0,85.0
278.0,74.0,56.0,85.0
272.0,80.0,56.0,85.0
278.0,100.0,56.0,85.0
267.0,98.0,56.0,85.0
254.0,96.0,56.0,85.0
235.0,91.0,56.0,85.0
211.0,86.0,56.0,85.0
194.0,82.0,56.0,85.0
182.0,91.0,56.0,85.0
174.0,98.0,56.0,85.0
175.0,84.0,56.0,85.0
193.0,87.0,56.0,85.0
218.0,93.0,56.0,85.0
236.0,94.0,56.0,85.0
238.0,93.0,56.0,85.0
245.0,97.0,56.0,85.0
250.0,98.0,56.0,85.0
256.0,112.0,56.0,85.0
256.0,112.0,56.0,85.0
254.0,112.0,56.0,85.0
249.0,113.0,56.0,85.0
241.0,115.0,56.0,85.0
236.0,115.0,56.0,85.0
231.0,111.0,56.0,85.0
230.0,93.0,56.0,85.0
228.0,93.0,56.0,85.0
236.0,92.0,56.0,85.0
252.0,93.0,56.0,85.0
268.0,92.0,56.0,85.0
276.0,90.0,56.0,85.0
290.0,88.0,56.0,85.0
300.0,83.0,56.0,85.0
308.0,76.0,56.0,85.0
310.0,67.0,56.0,85.0
320.0,64.0,56.0,85.0
309.0,64.0,56.0,85.0
303.0,69.0,56.0,85.0
297.0,79.0,56.0,85.0
279.0,94.0,56.0,85.0
267.0,112.0,56.0,85.0
255.0,120.0,56.0,85.0
250.0,123.0,56.0,85.0
275.0,105.0,56.0,85.0
262.0,97.0,56.0,85.0
248.0,92.0,56.0,85.0
234.0,87.0,56.0,85.0
214.0,81.0,56.0,85.0
206.0,79.0,56.0,85.0
225.0,70.0,56.0,85.0
232.0,72.0,56.0,85.0
227.0,74.0,56.0,85.0
210.0,78.0,56.0,85.0
187.0,82.0,56.0,85.0
167.0,93.0,56.0,85.0
165.0,101.0,56.0,85.0
177.0,104.0,56.0,85.0
187.0,103.0,56.0,85.0
187.0,100.0,56.0,85.0
190.0,101.0,56.0,85.0
206.0,101.0,56.0,85.0
192.0,106.0,56.0,85.0
203.0,99.0,56.0,85.0
207.0,92.0,56.0,85.0
211.0,89.0,56.0,85.0
218.0,85.0,56.0,85.0
224.0,77.0,56.0,85.0
215.0,74.0,56.0,85.0
216.0,73.0,56.0,85.0
219.0,74.0,56.0,85.0
230.0,74.0,56.0,85.0
231.0,78.0,56.0,85.0
230.0,82.0,56.0,85.0
228.0,87.0,56.0,85.0
228.0,89.0,56.0,85.0
231.0,87.0,56.0,85.0
232.0,87.0,56.0,85.0
252.0,80.0,56.0,85.0
273.0,79.0,56.0,85.0
293.0,81.0,56.0,85.0
299.0,80.0,56.0,85.0
287.0,75.0,56.0,85.0
271.0,76.0,56.0,85.0
245.0,89.0,56.0,85.0
251.0,87.0,56.0,85.0
258.0,92.0,56.0,85.0
265.0,96.0,56.0,85.0
265.0,99.0,56.0,85.0
252.0,97.0,56.0,85.0
233.0,94.0,56.0,85.0
214.0,95.0,56.0,85.0
194.0,101.0,56.0,85.0
177.0,108.0,56.0,85.0
171.0,116.0,56.0,85.0
145.0,125.0,56.0,85.0
153.0,123.0,56.0,85.0
159.0,116.0,56.0,85.0
168.0,105.0,56.0,85.0
177.0,96.0,56.0,85.0
190.0,87.0,56.0,85.0
211.0,78.0,56.0,85.0
208.0,76.0,56.0,85.0
228.0,71.0,56.0,85.0
233.0,68.0,56.0,85.0
237.0,71.0,56.0,85.0
240.0,75.0,56.0,85.0
234.0,77.0,56.0,85.0
218.0,79.0,56.0,85.0
228.0,82.0,56.0,85.0
216.0,93.0,56.0,85.0
205.0,103.0,56.0,85.0
198.0,108.0,56.0,85.0
189.0,103.0,56.0,85.0
193.0,102.0,56.0,85.0
199.0,94.0,56.0,85.0
210.0,91.0,56.0,85.0
230.0,93.0,56.0,85.0
243.0,94.0,56.0,85.0
245.0,83.0,56.0,85.0
249.0,85.0,56.0,85.0
253.0,95.0,56.0,85.0
249.0,87.0,56.0,85.0
252.0,89.0,56.0,85.0
258.0,99.0,56.0,85.0
252.0,97.0,56.0,85.0
238.0,93.0,56.0,85.0
227.0,94.0,56.0,85.0
220.0,99.0,56.0,85.0
213.0,105.0,56.0,85.0
208.0,118.0,56.0,85.0
206.0,122.0,56.0,85.0
206.0,124.0,56.0,85.0
211.0,123.0,56.0,85.0
229.0,138.0,56.0,85.0
240.0,132.0,56.0,85.0
249.0,130.0,56.0,85.0
249.0,130.0,56.0,85.0
253.0,132.0,56.0,85.0
248.0,131.0,56.0,85.0
235.0,108.0,56.0,85.0
220.0,112.0,56.0,85.0
211.0,110.0,56.0,85.0
208.0,102.0,56.0,85.0
213.0,87.0,56.0,85.0
220.0,74.0,56.0,85.0
226.0,69.0,56.0,85.0
223.0,57.0,56.0,85.0
217.0,54.0,56.0,85.0
213.0,54.0,56.0,85.0
205.0,56.0,56.0,85.0
189.0,64.0,56.0,85.0
178.0,66.0,56.0,85.0
158.0,74.0,56.0,85.0
146.0,78.0,56.0,85.0
132.0,86.0,56.0,85.0
128.0,85.0,56.0,85.0
125.0,83.0,56.0,85.0
128.0,77.0,56.0,85.0
139.0,73.0,56.0,85.0
154.0,70.0,56.0,85.0
165.0,79.0,56.0,85.0
186.0,82.0,56.0,85.0
197.0,90.0,56.0,85.0
209.0,91.0,56.0,85.0
235.0,106.0,56.0,85.0
254.0,112.0,56.0,85.0
252.0,110.0,56.0,85.0
278.0,88.0,56.0,85.0
269.0,65.0,56.0,85.0
264.0,64.0,56.0,85.0
265.0,72.0,56.0,85.0
265.0,85.0,56.0,85.0
261.0,86.0,56.0,85.0
254.0,84.0,56.0,85.0
241.0,81.0,56.0,85.0
231.0,81.0,56.0,85.0
221.0,84.0,56.0,85.0
216.0,88.0,56.0,85.0
221.0,89.0,56.0,85.0
236.0,96.0,56.0,85.0
234.0,121.0,56.0,85.0
241.0,118.0,56.0,85.0
253.0,112.0,56.0,85.0
251.0,109.0,56.0,85.0
255.0,115.0,56.0,85.0
253.0,115.0,56.0,85.0
245.0,116.0,56.0,85.0
246.0,115.0,56.0,85.0
265.0,93.0,56.0,85.0
239.0,82.0,56.0,85.0
247.0,69.0,56.0,85.0
242.0,61.0,56.0,85.0
245.0,60.0,56.0,85.0
250.0,62.0,56.0,85.0
230.0,80.0,56.0,85.0
230.0,79.0,56.0,85.0
256.0,80.0,56.0,85.0
282.0,79.0,56.0,85.0
301.0,59.0,56.0,85.0
300.0,60.0,56.0,85.0
274.0,64.0,56.0,85.0
266.0,61.0,56.0,85.0
247.0,61.0,56.0,85.0
234.0,58.0,56.0,85.0
232.0,69.0,56.0,85.0
207.0,95.0,56.0,85.0
218.0,90.0,56.0,85.0
234.0,82.0,56.0,85.0
235.0,82.0,56.0,85.0
236.0,83.0,56.0,85.0
233.0,80.0,56.0,85.0
212.0,90.0,56.0,85.0
197.0,103.0,56.0,85.0
201.0,107.0,56.0,85.0
227.0,125.0,56.0,85.0
244.0,130.0,56.0,85.0
268.0,129.0,56.0,85.0
294.0,114.0,56.0,85.0
320.0,100.0,56.0,85.0
335.0,83.0,56.0,85.0
309.0,76.0,56.0,85.0
303.0,73.0,56.0,85.0
277.0,78.0,56.0,85.0
251.0,81.0,56.0,85.0
225.0,83.0,56.0,85.0
199.0,90.0,56.0,85.0
173.0,116.0,56.0,85.0
147.0,115.0,56.0,85.0
153.0,119.0,56.0,85.0
165.0,123.0,56.0,85.0
191.0,138.0,56.0,85.0
209.0,133.0,56.0,85.0
220.0,135.0,56.0,85.0
216.0,125.0,56.0,85.0
190.0,99.0,56.0,85.0
164.0,94.0,56.0,85.0
144.0,97.0,56.0,85.0
136.0,106.0,56.0,85.0
144.0,109.0,56.0,85.0
163.0,106.0,56.0,85.0
186.0,98.0,56.0,85.0
