1
173.0,67.0,88.0,64.0
153.0,91.0,88.0,64.0
135.0,111.0,88.0,64.0
135.0,135.0,88.0,64.0
117.0,147.0,88.0,64.0
110.0,164.0,88.0,64.0
111.0,174.0,88.0,64.0
100.0,177.0,88.0,64.0
107.0,156.0,88.0,64.0
133.0,134.0,88.0,64.0
159.0,126.0,88.0,64.0
185.0,137.0,88.0,64.0
211.0,132.0,88.0,64.0
237.0,129.0,88.0,64.0
263.0,135.0,88.0,64.0
289.0,133.0,88.0,64.0
292.0,147.0,88.0,64.0
291.0,131.0,88.0,64.0
316.0,139.0,88.0,64.0
338.0,151.0,88.0,64.0
357.0,154.0,88.0,64.0
380.0,175.0,88.0,64.0
395.0,193.0,88.0,64.0
403.0,196.0,88.0,64.0
396.0,207.0,88.0,64.0
402.0,207.0,88.0,64.0
2
0
0
0
0
1
226.0,148.0,68.68000030517578,59.11000061035156
216.0,145.0,68.68000030517578,59.11000061035156
202.0,142.0,68.68000030517578,59.11000061035156
188.0,142.0,68.68000030517578,59.11000061035156
182.0,146.0,68.68000030517578,59.11000061035156
200.0,163.0,68.68000030517578,59.11000061035156
180.0,140.0,68.68000030517578,59.11000061035156
180.0,131.0,68.68000030517578,59.11000061035156
177.0,128.0,68.68000030517578,59.11000061035156
176.0,145.0,68.68000030517578,59.11000061035156
176.0,153.0,68.68000030517578,59.11000061035156
180.0,152.0,68.68000030517578,59.11000061035156
190.0,155.0,68.68000030517578,59.11000061035156
202.0,159.0,68.68000030517578,59.11000061035156
221.0,163.0,68.68000030517578,59.11000061035156
236.0,162.0,68.68000030517578,59.11000061035156
240.0,162.0,68.68000030517578,59.11000061035156
2
0
0
0
0
1
353.0,161.0,20.239999771118164,43.2599983215332
358.0,182.0,20.239999771118164,43.2599983215332
358.0,188.0,20.239999771118164,43.2599983215332
357.0,180.0,20.239999771118164,43.2599983215332
359.0,177.0,20.239999771118164,43.2599983215332
366.0,153.0,20.239999771118164,43.2599983215332
366.0,158.0,20.239999771118164,43.2599983215332
366.0,159.0,20.239999771118164,43.2599983215332
369.0,158.0,20.239999771118164,43.2599983215332
372.0,158.0,20.239999771118164,43.2599983215332
374.0,161.0,20.239999771118164,43.2599983215332
374.0,161.0,20.239999771118164,43.2599983215332
367.0,162.0,20.239999771118164,43.2599983215332
361.0,162.0,20.239999771118164,43.2599983215332
364.0,162.0,20.239999771118164,43.2599983215332
364.0,165.0,20.239999771118164,43.2599983215332
364.0,163.0,20.239999771118164,43.2599983215332
375.0,160.0,20.239999771118164,43.2599983215332
374.0,162.0,20.239999771118164,43.2599983215332
367.0,162.0,20.239999771118164,43.2599983215332
2
0
0
0
0
1
257.0,175.0,35.04999923706055,51.81999969482422
242.0,173.0,35.04999923706055,51.81999969482422
237.0,169.0,35.04999923706055,51.81999969482422
241.0,168.0,35.04999923706055,51.81999969482422
254.0,162.0,35.04999923706055,51.81999969482422
272.0,158.0,35.04999923706055,51.81999969482422
280.0,160.0,35.04999923706055,51.81999969482422
303.0,160.0,35.04999923706055,51.81999969482422
326.0,170.0,35.04999923706055,51.81999969482422
330.0,174.0,35.04999923706055,51.81999969482422
344.0,161.0,35.04999923706055,51.81999969482422
354.0,158.0,35.04999923706055,51.81999969482422
350.0,158.0,35.04999923706055,51.81999969482422
357.0,161.0,35.04999923706055,51.81999969482422
371.0,185.0,35.04999923706055,51.81999969482422
388.0,169.0,35.04999923706055,51.81999969482422
396.0,169.0,35.04999923706055,51.81999969482422
404.0,172.0,35.04999923706055,51.81999969482422
394.0,182.0,35.04999923706055,51.81999969482422
379.0,187.0,35.04999923706055,51.81999969482422
357.0,189.0,35.04999923706055,51.81999969482422
331.0,214.0,35.04999923706055,51.81999969482422
2
0
0
0
0
1
169.0,200.0,39.75,59.810001373291016
174.0,203.0,39.75,59.810001373291016
172.0,215.0,39.75,59.810001373291016
192.0,222.0,39.75,59.810001373291016
217.0,215.0,39.75,59.810001373291016
242.0,220.0,39.75,59.810001373291016
267.0,211.0,39.75,59.810001373291016
292.0,211.0,39.75,59.810001373291016
317.0,207.0,39.75,59.810001373291016
327.0,207.0,39.75,59.810001373291016
324.0,194.0,39.75,59.810001373291016
330.0,175.0,39.75,59.810001373291016
342.0,171.0,39.75,59.810001373291016
342.0,196.0,39.75,59.810001373291016
343.0,210.0,39.75,59.810001373291016
344.0,235.0,39.75,59.810001373291016
342.0,260.0,39.75,59.810001373291016
333.0,269.0,39.75,59.810001373291016
327.0,269.0,39.75,59.810001373291016
321.0,269.0,39.75,59.810001373291016
324.0,273.0,39.75,59.810001373291016
318.0,247.0,39.75,59.810001373291016
311.0,223.0,39.75,59.810001373291016
325.0,213.0,39.75,59.810001373291016
348.0,187.0,39.75,59.810001373291016
372.0,161.0,39.75,59.810001373291016
2
0
0
0
0
1
273.0,165.0,71.38999938964844,71.62999725341797
260.0,161.0,71.38999938964844,71.62999725341797
253.0,154.0,71.38999938964844,71.62999725341797
248.0,154.0,71.38999938964844,71.62999725341797
273.0,179.0,71.38999938964844,71.62999725341797
268.0,177.0,71.38999938964844,71.62999725341797
264.0,173.0,71.38999938964844,71.62999725341797
250.0,151.0,71.38999938964844,71.62999725341797
250.0,152.0,71.38999938964844,71.62999725341797
250.0,151.0,71.38999938964844,71.62999725341797
257.0,150.0,71.38999938964844,71.62999725341797
261.0,149.0,71.38999938964844,71.62999725341797
256.0,146.0,71.38999938964844,71.62999725341797
250.0,146.0,71.38999938964844,71.62999725341797
275.0,139.0,71.38999938964844,71.62999725341797
299.0,141.0,71.38999938964844,71.62999725341797
321.0,139.0,71.38999938964844,71.62999725341797
327.0,135.0,71.38999938964844,71.62999725341797
334.0,133.0,71.38999938964844,71.62999725341797
341.0,135.0,71.38999938964844,71.62999725341797
347.0,140.0,71.38999938964844,71.62999725341797
372.0,165.0,71.38999938964844,71.62999725341797
371.0,173.0,71.38999938964844,71.62999725341797
373.0,169.0,71.38999938964844,71.62999725341797
394.0,166.0,71.38999938964844,71.62999725341797
409.0,142.0,71.38999938964844,71.62999725341797
383.0,167.0,71.38999938964844,71.62999725341797
382.0,167.0,71.38999938964844,71.62999725341797
381.0,165.0,71.38999938964844,71.62999725341797
360.0,163.0,71.38999938964844,71.62999725341797
355.0,149.0,71.38999938964844,71.62999725341797
380.0,174.0,71.38999938964844,71.62999725341797
392.0,179.0,71.38999938964844,71.62999725341797
