1
329.0,113.0,81.70999908447266,15.649999618530273
319.0,114.0,81.70999908447266,15.649999618530273
319.0,115.0,81.70999908447266,15.649999618530273
315.0,116.0,81.70999908447266,15.649999618530273
315.0,116.0,81.70999908447266,15.649999618530273
312.0,117.0,81.70999908447266,15.649999618530273
300.0,120.0,81.70999908447266,15.649999618530273
301.0,127.0,81.70999908447266,15.649999618530273
304.0,133.0,81.70999908447266,15.649999618530273
320.0,141.0,81.70999908447266,15.649999618530273
2
0
0
0
0
1
277.0,32.0,20.700000762939453,78.59200286865234
279.0,17.0,20.700000762939453,78.59200286865234
281.0,14.0,20.700000762939453,78.59200286865234
280.0,27.0,20.700000762939453,78.59200286865234
281.0,27.0,20.700000762939453,78.59200286865234
283.0,11.0,20.700000762939453,78.59200286865234
280.0,18.0,20.700000762939453,78.59200286865234
275.0,26.0,20.700000762939453,78.59200286865234
272.0,28.0,20.700000762939453,78.59200286865234
268.0,33.0,20.700000762939453,78.59200286865234
266.0,35.0,20.700000762939453,78.59200286865234
291.0,14.0,20.700000762939453,78.59200286865234
305.0,1.0,20.700000762939453,78.59200286865234
301.0,22.0,20.700000762939453,78.59200286865234
301.0,36.0,20.700000762939453,78.59200286865234
324.0,21.0,20.700000762939453,78.59200286865234
319.0,27.0,20.700000762939453,78.59200286865234
321.0,25.0,20.700000762939453,78.59200286865234
323.0,24.0,20.700000762939453,78.59200286865234
324.0,23.0,20.700000762939453,78.59200286865234
324.0,26.0,20.700000762939453,78.59200286865234
316.0,26.0,20.700000762939453,78.59200286865234
320.0,20.0,20.700000762939453,78.59200286865234
2
0
0
0
0
1
244.0,52.0,58.400001525878906,83.53500366210938
241.0,58.0,58.400001525878906,83.53500366210938
238.0,63.0,58.400001525878906,83.53500366210938
235.0,68.0,58.400001525878906,83.53500366210938
232.0,73.0,58.400001525878906,83.53500366210938
230.0,77.0,58.400001525878906,83.53500366210938
230.0,77.0,58.400001525878906,83.53500366210938
237.0,71.0,58.400001525878906,83.53500366210938
244.0,69.0,58.400001525878906,83.53500366210938
250.0,69.0,58.400001525878906,83.53500366210938
256.0,69.0,58.400001525878906,83.53500366210938
265.0,67.0,58.400001525878906,83.53500366210938
2
0
0
0
0
1
221.0,143.0,23.700000762939453,88.45999908447266
221.0,148.0,23.700000762939453,88.45999908447266
222.0,150.0,23.700000762939453,88.45999908447266
225.0,144.0,23.700000762939453,88.45999908447266
228.0,142.0,23.700000762939453,88.45999908447266
231.0,140.0,23.700000762939453,88.45999908447266
219.0,163.0,23.700000762939453,88.45999908447266
222.0,152.0,23.700000762939453,88.45999908447266
222.0,143.0,23.700000762939453,88.45999908447266
223.0,141.0,23.700000762939453,88.45999908447266
227.0,157.0,23.700000762939453,88.45999908447266
231.0,178.0,23.700000762939453,88.45999908447266
232.0,182.0,23.700000762939453,88.45999908447266
232.0,180.0,23.700000762939453,88.45999908447266
234.0,188.0,23.700000762939453,88.45999908447266
232.0,184.0,23.700000762939453,88.45999908447266
229.0,180.0,23.700000762939453,88.45999908447266
228.0,178.0,23.700000762939453,88.45999908447266
220.0,203.0,23.700000762939453,88.45999908447266
231.0,224.0,23.700000762939453,88.45999908447266
257.0,242.0,23.700000762939453,88.45999908447266
259.0,246.0,23.700000762939453,88.45999908447266
259.0,245.0,23.700000762939453,88.45999908447266
260.0,248.0,23.700000762939453,88.45999908447266
260.0,239.0,23.700000762939453,88.45999908447266
260.0,239.0,23.700000762939453,88.45999908447266
262.0,246.0,23.700000762939453,88.45999908447266
262.0,246.0,23.700000762939453,88.45999908447266
262.0,246.0,23.700000762939453,88.45999908447266
270.0,271.0,23.700000762939453,88.45999908447266
271.0,296.0,23.700000762939453,88.45999908447266
269.0,311.0,23.700000762939453,88.45999908447266
267.0,320.0,23.700000762939453,88.45999908447266
263.0,331.0,23.700000762939453,88.45999908447266
262.0,337.0,23.700000762939453,88.45999908447266
263.0,335.0,23.700000762939453,88.45999908447266
257.0,352.0,23.700000762939453,88.45999908447266
253.0,362.0,23.700000762939453,88.45999908447266
250.0,371.0,23.700000762939453,88.45999908447266
248.0,378.0,23.700000762939453,88.45999908447266
247.0,384.0,23.700000762939453,88.45999908447266
246.0,389.0,23.700000762939453,88.45999908447266
245.0,392.0,23.700000762939453,88.45999908447266
245.0,392.0,23.700000762939453,88.45999908447266
245.0,393.0,23.700000762939453,88.45999908447266
244.0,397.0,23.700000762939453,88.45999908447266
244.0,398.0,23.700000762939453,88.45999908447266
243.0,401.0,23.700000762939453,88.45999908447266
242.0,404.0,23.700000762939453,88.45999908447266
242.0,406.0,23.700000762939453,88.45999908447266
241.0,409.0,23.700000762939453,88.45999908447266
240.0,412.0,23.700000762939453,88.45999908447266
240.0,414.0,23.700000762939453,88.45999908447266
240.0,396.0,23.700000762939453,88.45999908447266
239.0,388.0,23.700000762939453,88.45999908447266
240.0,389.0,23.700000762939453,88.45999908447266
244.0,407.0,23.700000762939453,88.45999908447266
242.0,411.0,23.700000762939453,88.45999908447266
241.0,412.0,23.700000762939453,88.45999908447266
239.0,410.0,23.700000762939453,88.45999908447266
2
0
0
0
0
1
259.0,517.0,27.709999084472656,77.93009948730469
259.0,520.0,27.709999084472656,77.93009948730469
258.0,525.0,27.709999084472656,77.93009948730469
257.0,529.0,27.709999084472656,77.93009948730469
256.0,533.0,27.709999084472656,77.93009948730469
255.0,537.0,27.709999084472656,77.93009948730469
254.0,541.0,27.709999084472656,77.93009948730469
253.0,544.0,27.709999084472656,77.93009948730469
254.0,530.0,27.709999084472656,77.93009948730469
251.0,514.0,27.709999084472656,77.93009948730469
249.0,509.0,27.709999084472656,77.93009948730469
252.0,530.0,27.709999084472656,77.93009948730469
245.0,551.0,27.709999084472656,77.93009948730469
2
0
0
0
0
1
351.0,522.0,78.33000183105469,53.81999969482422
364.0,513.0,78.33000183105469,53.81999969482422
375.0,505.0,78.33000183105469,53.81999969482422
385.0,498.0,78.33000183105469,53.81999969482422
386.0,496.0,78.33000183105469,53.81999969482422
375.0,493.0,78.33000183105469,53.81999969482422
372.0,486.0,78.33000183105469,53.81999969482422
2
0
0
0
0
1
490.0,510.0,21.84000015258789,71.9000015258789
493.0,505.0,21.84000015258789,71.9000015258789
496.0,501.0,21.84000015258789,71.9000015258789
483.0,526.0,21.84000015258789,71.9000015258789
480.0,535.0,21.84000015258789,71.9000015258789
479.0,539.0,21.84000015258789,71.9000015258789
477.0,543.0,21.84000015258789,71.9000015258789
477.0,522.0,21.84000015258789,71.9000015258789
473.0,510.0,21.84000015258789,71.9000015258789
469.0,507.0,21.84000015258789,71.9000015258789
2
0
0
0
0
1
488.0,652.0,61.97999954223633,26.670000076293945
485.0,660.0,61.97999954223633,26.670000076293945
487.0,634.0,61.97999954223633,26.670000076293945
497.0,611.0,61.97999954223633,26.670000076293945
507.0,587.0,61.97999954223633,26.670000076293945
513.0,562.0,61.97999954223633,26.670000076293945
523.0,536.0,61.97999954223633,26.670000076293945
534.0,510.0,61.97999954223633,26.670000076293945
530.0,501.0,61.97999954223633,26.670000076293945
555.0,487.0,61.97999954223633,26.670000076293945
580.0,497.0,61.97999954223633,26.670000076293945
605.0,518.0,61.97999954223633,26.670000076293945
625.0,529.0,61.97999954223633,26.670000076293945
646.0,549.0,61.97999954223633,26.670000076293945
655.0,556.0,61.97999954223633,26.670000076293945
680.0,575.0,61.97999954223633,26.670000076293945
684.0,578.0,61.97999954223633,26.670000076293945
694.0,586.0,61.97999954223633,26.670000076293945
705.0,595.0,61.97999954223633,26.670000076293945
712.0,601.0,61.97999954223633,26.670000076293945
723.0,610.0,61.97999954223633,26.670000076293945
731.0,617.0,61.97999954223633,26.670000076293945
737.0,622.0,61.97999954223633,26.670000076293945
755.0,639.0,61.97999954223633,26.670000076293945
746.0,640.0,61.97999954223633,26.670000076293945
738.0,643.0,61.97999954223633,26.670000076293945
735.0,646.0,61.97999954223633,26.670000076293945
735.0,648.0,61.97999954223633,26.670000076293945
760.0,632.0,61.97999954223633,26.670000076293945
778.0,621.0,61.97999954223633,26.670000076293945
783.0,618.0,61.97999954223633,26.670000076293945
778.0,621.0,61.97999954223633,26.670000076293945
794.0,610.0,61.97999954223633,26.670000076293945
798.0,607.0,61.97999954223633,26.670000076293945
802.0,605.0,61.97999954223633,26.670000076293945
821.0,604.0,61.97999954223633,26.670000076293945
833.0,606.0,61.97999954223633,26.670000076293945
846.0,608.0,61.97999954223633,26.670000076293945
857.0,610.0,61.97999954223633,26.670000076293945
866.0,612.0,61.97999954223633,26.670000076293945
871.0,614.0,61.97999954223633,26.670000076293945
865.0,616.0,61.97999954223633,26.670000076293945
864.0,618.0,61.97999954223633,26.670000076293945
864.0,620.0,61.97999954223633,26.670000076293945
889.0,611.0,61.97999954223633,26.670000076293945
901.0,610.0,61.97999954223633,26.670000076293945
901.0,612.0,61.97999954223633,26.670000076293945
924.0,605.0,61.97999954223633,26.670000076293945
926.0,605.0,61.97999954223633,26.670000076293945
932.0,604.0,61.97999954223633,26.670000076293945
936.0,603.0,61.97999954223633,26.670000076293945
944.0,601.0,61.97999954223633,26.670000076293945
954.0,598.0,61.97999954223633,26.670000076293945
961.0,596.0,61.97999954223633,26.670000076293945
973.0,592.0,61.97999954223633,26.670000076293945
990.0,592.0,61.97999954223633,26.670000076293945
1000.0,596.0,61.97999954223633,26.670000076293945
1009.0,598.0,61.97999954223633,26.670000076293945
1019.0,600.0,61.97999954223633,26.670000076293945
1027.0,602.0,61.97999954223633,26.670000076293945
1035.0,605.0,61.97999954223633,26.670000076293945
1041.0,607.0,61.97999954223633,26.670000076293945
1048.0,610.0,61.97999954223633,26.670000076293945
1054.0,612.0,61.97999954223633,26.670000076293945
1058.0,613.0,61.97999954223633,26.670000076293945
1053.0,615.0,61.97999954223633,26.670000076293945
1041.0,618.0,61.97999954223633,26.670000076293945
1064.0,610.0,61.97999954223633,26.670000076293945
1081.0,603.0,61.97999954223633,26.670000076293945
1085.0,602.0,61.97999954223633,26.670000076293945
1085.0,603.0,61.97999954223633,26.670000076293945
1086.0,604.0,61.97999954223633,26.670000076293945
1086.0,604.0,61.97999954223633,26.670000076293945
1083.0,604.0,61.97999954223633,26.670000076293945
1078.0,606.0,61.97999954223633,26.670000076293945
1103.0,600.0,61.97999954223633,26.670000076293945
1120.0,586.0,61.97999954223633,26.670000076293945
1145.0,570.0,61.97999954223633,26.670000076293945
1170.0,581.0,61.97999954223633,26.670000076293945
1175.0,607.0,61.97999954223633,26.670000076293945
1189.0,633.0,61.97999954223633,26.670000076293945
1170.0,635.0,61.97999954223633,26.670000076293945
1174.0,652.0,61.97999954223633,26.670000076293945
1184.0,672.0,61.97999954223633,26.670000076293945
1206.0,698.0,61.97999954223633,26.670000076293945
1198.0,724.0,61.97999954223633,26.670000076293945
1204.0,746.0,61.97999954223633,26.670000076293945
1229.0,739.0,61.97999954223633,26.670000076293945
1254.0,740.0,61.97999954223633,26.670000076293945
1279.0,741.0,61.97999954223633,26.670000076293945
2
0
0
0
0
1
1485.0,537.0,68.5,68.5
1502.0,519.0,68.5,68.5
1510.0,511.0,68.5,68.5
1516.0,518.0,68.5,68.5
1528.0,520.0,68.5,68.5
1532.0,509.0,68.5,68.5
1517.0,493.0,68.5,68.5
1504.0,477.0,68.5,68.5
1497.0,457.0,68.5,68.5
1481.0,446.0,68.5,68.5
1465.0,435.0,68.5,68.5
1457.0,421.0,68.5,68.5
1451.0,408.0,68.5,68.5
1442.0,398.0,68.5,68.5
1435.0,386.0,68.5,68.5
1411.0,360.0,68.5,68.5
2
0
0
0
0
1
1160.0,354.0,82.0999984741211,13.170000076293945
1135.0,353.0,82.0999984741211,13.170000076293945
1113.0,353.0,82.0999984741211,13.170000076293945
1093.0,353.0,82.0999984741211,13.170000076293945
1074.0,353.0,82.0999984741211,13.170000076293945
1057.0,353.0,82.0999984741211,13.170000076293945
1041.0,354.0,82.0999984741211,13.170000076293945
1027.0,354.0,82.0999984741211,13.170000076293945
1013.0,354.0,82.0999984741211,13.170000076293945
1000.0,355.0,82.0999984741211,13.170000076293945
988.0,355.0,82.0999984741211,13.170000076293945
977.0,355.0,82.0999984741211,13.170000076293945
980.0,352.0,82.0999984741211,13.170000076293945
974.0,340.0,82.0999984741211,13.170000076293945
962.0,366.0,82.0999984741211,13.170000076293945
983.0,380.0,82.0999984741211,13.170000076293945
994.0,387.0,82.0999984741211,13.170000076293945
1003.0,392.0,82.0999984741211,13.170000076293945
1011.0,396.0,82.0999984741211,13.170000076293945
1013.0,397.0,82.0999984741211,13.170000076293945
996.0,382.0,82.0999984741211,13.170000076293945
1006.0,372.0,82.0999984741211,13.170000076293945
1021.0,398.0,82.0999984741211,13.170000076293945
1007.0,424.0,82.0999984741211,13.170000076293945
1015.0,425.0,82.0999984741211,13.170000076293945
989.0,399.0,82.0999984741211,13.170000076293945
963.0,387.0,82.0999984741211,13.170000076293945
937.0,372.0,82.0999984741211,13.170000076293945
915.0,368.0,82.0999984741211,13.170000076293945
895.0,365.0,82.0999984741211,13.170000076293945
869.0,357.0,82.0999984741211,13.170000076293945
847.0,352.0,82.0999984741211,13.170000076293945
828.0,349.0,82.0999984741211,13.170000076293945
813.0,347.0,82.0999984741211,13.170000076293945
809.0,347.0,82.0999984741211,13.170000076293945
805.0,349.0,82.0999984741211,13.170000076293945
805.0,351.0,82.0999984741211,13.170000076293945
779.0,330.0,82.0999984741211,13.170000076293945
753.0,321.0,82.0999984741211,13.170000076293945
727.0,322.0,82.0999984741211,13.170000076293945
710.0,324.0,82.0999984741211,13.170000076293945
687.0,321.0,82.0999984741211,13.170000076293945
680.0,321.0,82.0999984741211,13.170000076293945
672.0,321.0,82.0999984741211,13.170000076293945
646.0,313.0,82.0999984741211,13.170000076293945
620.0,302.0,82.0999984741211,13.170000076293945
604.0,297.0,82.0999984741211,13.170000076293945
592.0,293.0,82.0999984741211,13.170000076293945
580.0,290.0,82.0999984741211,13.170000076293945
570.0,288.0,82.0999984741211,13.170000076293945
570.0,289.0,82.0999984741211,13.170000076293945
567.0,289.0,82.0999984741211,13.170000076293945
541.0,281.0,82.0999984741211,13.170000076293945
532.0,279.0,82.0999984741211,13.170000076293945
523.0,277.0,82.0999984741211,13.170000076293945
515.0,275.0,82.0999984741211,13.170000076293945
511.0,273.0,82.0999984741211,13.170000076293945
485.0,288.0,82.0999984741211,13.170000076293945
475.0,284.0,82.0999984741211,13.170000076293945
453.0,287.0,82.0999984741211,13.170000076293945
427.0,295.0,82.0999984741211,13.170000076293945
401.0,299.0,82.0999984741211,13.170000076293945
376.0,301.0,82.0999984741211,13.170000076293945
365.0,304.0,82.0999984741211,13.170000076293945
339.0,315.0,82.0999984741211,13.170000076293945
334.0,323.0,82.0999984741211,13.170000076293945
308.0,297.0,82.0999984741211,13.170000076293945
287.0,271.0,82.0999984741211,13.170000076293945
272.0,246.0,82.0999984741211,13.170000076293945
261.0,226.0,82.0999984741211,13.170000076293945
256.0,214.0,82.0999984741211,13.170000076293945
256.0,213.0,82.0999984741211,13.170000076293945
251.0,200.0,82.0999984741211,13.170000076293945
250.0,201.0,82.0999984741211,13.170000076293945
245.0,190.0,82.0999984741211,13.170000076293945
233.0,164.0,82.0999984741211,13.170000076293945
234.0,165.0,82.0999984741211,13.170000076293945
226.0,147.0,82.0999984741211,13.170000076293945
246.0,143.0,82.0999984741211,13.170000076293945
253.0,146.0,82.0999984741211,13.170000076293945
266.0,143.0,82.0999984741211,13.170000076293945
278.0,141.0,82.0999984741211,13.170000076293945
293.0,135.0,82.0999984741211,13.170000076293945
305.0,130.0,82.0999984741211,13.170000076293945
315.0,127.0,82.0999984741211,13.170000076293945
325.0,123.0,82.0999984741211,13.170000076293945
337.0,117.0,82.0999984741211,13.170000076293945
345.0,112.0,82.0999984741211,13.170000076293945
353.0,109.0,82.0999984741211,13.170000076293945
360.0,107.0,82.0999984741211,13.170000076293945
366.0,106.0,82.0999984741211,13.170000076293945
371.0,107.0,82.0999984741211,13.170000076293945
371.0,105.0,82.0999984741211,13.170000076293945
363.0,102.0,82.0999984741211,13.170000076293945
361.0,99.0,82.0999984741211,13.170000076293945
387.0,111.0,82.0999984741211,13.170000076293945
407.0,120.0,82.0999984741211,13.170000076293945
414.0,122.0,82.0999984741211,13.170000076293945
421.0,124.0,82.0999984741211,13.170000076293945
428.0,126.0,82.0999984741211,13.170000076293945
428.0,125.0,82.0999984741211,13.170000076293945
451.0,136.0,82.0999984741211,13.170000076293945
455.0,138.0,82.0999984741211,13.170000076293945
460.0,140.0,82.0999984741211,13.170000076293945
