1
183.0,208.0,45.0099983215332,110.9800033569336
182.0,208.0,45.0099983215332,110.9800033569336
180.0,208.0,45.0099983215332,110.9800033569336
177.0,207.0,45.0099983215332,110.9800033569336
173.0,206.0,45.0099983215332,110.9800033569336
184.0,206.0,45.0099983215332,110.9800033569336
162.0,212.0,45.0099983215332,110.9800033569336
162.0,218.0,45.0099983215332,110.9800033569336
164.0,222.0,45.0099983215332,110.9800033569336
174.0,225.0,45.0099983215332,110.9800033569336
178.0,225.0,45.0099983215332,110.9800033569336
181.0,224.0,45.0099983215332,110.9800033569336
193.0,199.0,45.0099983215332,110.9800033569336
196.0,199.0,45.0099983215332,110.9800033569336
207.0,197.0,45.0099983215332,110.9800033569336
207.0,197.0,45.0099983215332,110.9800033569336
194.0,197.0,45.0099983215332,110.9800033569336
198.0,196.0,45.0099983215332,110.9800033569336
196.0,196.0,45.0099983215332,110.9800033569336
199.0,195.0,45.0099983215332,110.9800033569336
203.0,193.0,45.0099983215332,110.9800033569336
191.0,194.0,45.0099983215332,110.9800033569336
211.0,192.0,45.0099983215332,110.9800033569336
199.0,193.0,45.0099983215332,110.9800033569336
173.0,194.0,45.0099983215332,110.9800033569336
167.0,194.0,45.0099983215332,110.9800033569336
157.0,194.0,45.0099983215332,110.9800033569336
153.0,194.0,45.0099983215332,110.9800033569336
164.0,192.0,45.0099983215332,110.9800033569336
158.0,192.0,45.0099983215332,110.9800033569336
151.0,192.0,45.0099983215332,110.9800033569336
156.0,191.0,45.0099983215332,110.9800033569336
149.0,191.0,45.0099983215332,110.9800033569336
144.0,190.0,45.0099983215332,110.9800033569336
133.0,191.0,45.0099983215332,110.9800033569336
126.0,191.0,45.0099983215332,110.9800033569336
116.0,191.0,45.0099983215332,110.9800033569336
107.0,191.0,45.0099983215332,110.9800033569336
102.0,191.0,45.0099983215332,110.9800033569336
98.0,190.0,45.0099983215332,110.9800033569336
93.0,190.0,45.0099983215332,110.9800033569336
88.0,194.0,45.0099983215332,110.9800033569336
85.0,194.0,45.0099983215332,110.9800033569336
78.0,194.0,45.0099983215332,110.9800033569336
63.0,189.0,45.0099983215332,110.9800033569336
54.0,193.0,45.0099983215332,110.9800033569336
48.0,193.0,45.0099983215332,110.9800033569336
41.0,193.0,45.0099983215332,110.9800033569336
36.0,193.0,45.0099983215332,110.9800033569336
30.0,193.0,45.0099983215332,110.9800033569336
38.0,205.0,45.0099983215332,110.9800033569336
43.0,209.0,45.0099983215332,110.9800033569336
37.0,210.0,45.0099983215332,110.9800033569336
31.0,209.0,45.0099983215332,110.9800033569336
20.0,234.0,45.0099983215332,110.9800033569336
12.0,241.0,45.0099983215332,110.9800033569336
4.0,247.0,45.0099983215332,110.9800033569336
0.0,238.0,45.0099983215332,110.9800033569336
0.0,238.0,45.0099983215332,110.9800033569336
26.0,237.0,45.0099983215332,110.9800033569336
27.0,236.0,45.0099983215332,110.9800033569336
28.0,235.0,45.0099983215332,110.9800033569336
28.0,235.0,45.0099983215332,110.9800033569336
30.0,233.0,45.0099983215332,110.9800033569336
30.0,233.0,45.0099983215332,110.9800033569336
32.0,232.0,45.0099983215332,110.9800033569336
32.0,232.0,45.0099983215332,110.9800033569336
32.0,231.0,45.0099983215332,110.9800033569336
33.0,231.0,45.0099983215332,110.9800033569336
34.0,230.0,45.0099983215332,110.9800033569336
34.0,230.0,45.0099983215332,110.9800033569336
36.0,229.0,45.0099983215332,110.9800033569336
38.0,229.0,45.0099983215332,110.9800033569336
37.0,228.0,45.0099983215332,110.9800033569336
39.0,228.0,45.0099983215332,110.9800033569336
42.0,227.0,45.0099983215332,110.9800033569336
41.0,226.0,45.0099983215332,110.9800033569336
45.0,226.0,45.0099983215332,110.9800033569336
48.0,225.0,45.0099983215332,110.9800033569336
53.0,224.0,45.0099983215332,110.9800033569336
57.0,224.0,45.0099983215332,110.9800033569336
61.0,224.0,45.0099983215332,110.9800033569336
65.0,224.0,45.0099983215332,110.9800033569336
70.0,223.0,45.0099983215332,110.9800033569336
74.0,223.0,45.0099983215332,110.9800033569336
77.0,222.0,45.0099983215332,110.9800033569336
103.0,225.0,45.0099983215332,110.9800033569336
121.0,233.0,45.0099983215332,110.9800033569336
117.0,220.0,45.0099983215332,110.9800033569336
116.0,239.0,45.0099983215332,110.9800033569336
107.0,220.0,45.0099983215332,110.9800033569336
102.0,222.0,45.0099983215332,110.9800033569336
102.0,213.0,45.0099983215332,110.9800033569336
96.0,187.0,45.0099983215332,110.9800033569336
95.0,185.0,45.0099983215332,110.9800033569336
97.0,184.0,45.0099983215332,110.9800033569336
97.0,184.0,45.0099983215332,110.9800033569336
102.0,209.0,45.0099983215332,110.9800033569336
104.0,213.0,45.0099983215332,110.9800033569336
108.0,213.0,45.0099983215332,110.9800033569336
108.0,199.0,45.0099983215332,110.9800033569336
108.0,206.0,45.0099983215332,110.9800033569336
110.0,204.0,45.0099983215332,110.9800033569336
110.0,200.0,45.0099983215332,110.9800033569336
100.0,174.0,45.0099983215332,110.9800033569336
103.0,174.0,45.0099983215332,110.9800033569336
106.0,174.0,45.0099983215332,110.9800033569336
110.0,174.0,45.0099983215332,110.9800033569336
115.0,179.0,45.0099983215332,110.9800033569336
128.0,172.0,45.0099983215332,110.9800033569336
130.0,172.0,45.0099983215332,110.9800033569336
134.0,168.0,45.0099983215332,110.9800033569336
136.0,166.0,45.0099983215332,110.9800033569336
139.0,162.0,45.0099983215332,110.9800033569336
141.0,161.0,45.0099983215332,110.9800033569336
145.0,161.0,45.0099983215332,110.9800033569336
148.0,161.0,45.0099983215332,110.9800033569336
152.0,161.0,45.0099983215332,110.9800033569336
157.0,161.0,45.0099983215332,110.9800033569336
162.0,161.0,45.0099983215332,110.9800033569336
166.0,160.0,45.0099983215332,110.9800033569336
168.0,157.0,45.0099983215332,110.9800033569336
176.0,155.0,45.0099983215332,110.9800033569336
176.0,180.0,45.0099983215332,110.9800033569336
178.0,174.0,45.0099983215332,110.9800033569336
180.0,169.0,45.0099983215332,110.9800033569336
182.0,163.0,45.0099983215332,110.9800033569336
178.0,162.0,45.0099983215332,110.9800033569336
188.0,174.0,45.0099983215332,110.9800033569336
189.0,172.0,45.0099983215332,110.9800033569336
191.0,190.0,45.0099983215332,110.9800033569336
196.0,187.0,45.0099983215332,110.9800033569336
199.0,185.0,45.0099983215332,110.9800033569336
202.0,170.0,45.0099983215332,110.9800033569336
196.0,164.0,45.0099983215332,110.9800033569336
197.0,163.0,45.0099983215332,110.9800033569336
197.0,162.0,45.0099983215332,110.9800033569336
194.0,179.0,45.0099983215332,110.9800033569336
198.0,163.0,45.0099983215332,110.9800033569336
199.0,169.0,45.0099983215332,110.9800033569336
205.0,164.0,45.0099983215332,110.9800033569336
209.0,164.0,45.0099983215332,110.9800033569336
213.0,163.0,45.0099983215332,110.9800033569336
216.0,169.0,45.0099983215332,110.9800033569336
217.0,168.0,45.0099983215332,110.9800033569336
218.0,167.0,45.0099983215332,110.9800033569336
220.0,168.0,45.0099983215332,110.9800033569336
222.0,168.0,45.0099983215332,110.9800033569336
223.0,168.0,45.0099983215332,110.9800033569336
219.0,164.0,45.0099983215332,110.9800033569336
223.0,164.0,45.0099983215332,110.9800033569336
224.0,164.0,45.0099983215332,110.9800033569336
224.0,165.0,45.0099983215332,110.9800033569336
220.0,165.0,45.0099983215332,110.9800033569336
222.0,165.0,45.0099983215332,110.9800033569336
224.0,165.0,45.0099983215332,110.9800033569336
223.0,167.0,45.0099983215332,110.9800033569336
226.0,168.0,45.0099983215332,110.9800033569336
229.0,168.0,45.0099983215332,110.9800033569336
232.0,168.0,45.0099983215332,110.9800033569336
235.0,168.0,45.0099983215332,110.9800033569336
247.0,168.0,45.0099983215332,110.9800033569336
249.0,167.0,45.0099983215332,110.9800033569336
252.0,167.0,45.0099983215332,110.9800033569336
251.0,170.0,45.0099983215332,110.9800033569336
255.0,170.0,45.0099983215332,110.9800033569336
258.0,171.0,45.0099983215332,110.9800033569336
259.0,172.0,45.0099983215332,110.9800033569336
260.0,174.0,45.0099983215332,110.9800033569336
260.0,175.0,45.0099983215332,110.9800033569336
258.0,175.0,45.0099983215332,110.9800033569336
263.0,176.0,45.0099983215332,110.9800033569336
265.0,156.0,45.0099983215332,110.9800033569336
257.0,180.0,45.0099983215332,110.9800033569336
256.0,182.0,45.0099983215332,110.9800033569336
249.0,188.0,45.0099983215332,110.9800033569336
250.0,191.0,45.0099983215332,110.9800033569336
249.0,197.0,45.0099983215332,110.9800033569336
251.0,198.0,45.0099983215332,110.9800033569336
253.0,199.0,45.0099983215332,110.9800033569336
256.0,200.0,45.0099983215332,110.9800033569336
262.0,198.0,45.0099983215332,110.9800033569336
265.0,198.0,45.0099983215332,110.9800033569336
276.0,172.0,45.0099983215332,110.9800033569336
274.0,156.0,45.0099983215332,110.9800033569336
274.0,152.0,45.0099983215332,110.9800033569336
275.0,156.0,45.0099983215332,110.9800033569336
275.0,154.0,45.0099983215332,110.9800033569336
274.0,154.0,45.0099983215332,110.9800033569336
274.0,154.0,45.0099983215332,110.9800033569336
274.0,149.0,45.0099983215332,110.9800033569336
273.0,153.0,45.0099983215332,110.9800033569336
274.0,155.0,45.0099983215332,110.9800033569336
274.0,156.0,45.0099983215332,110.9800033569336
273.0,155.0,45.0099983215332,110.9800033569336
272.0,155.0,45.0099983215332,110.9800033569336
271.0,156.0,45.0099983215332,110.9800033569336
270.0,157.0,45.0099983215332,110.9800033569336
270.0,160.0,45.0099983215332,110.9800033569336
270.0,161.0,45.0099983215332,110.9800033569336
272.0,162.0,45.0099983215332,110.9800033569336
274.0,155.0,45.0099983215332,110.9800033569336
272.0,154.0,45.0099983215332,110.9800033569336
272.0,155.0,45.0099983215332,110.9800033569336
273.0,155.0,45.0099983215332,110.9800033569336
274.0,161.0,45.0099983215332,110.9800033569336
276.0,163.0,45.0099983215332,110.9800033569336
279.0,162.0,45.0099983215332,110.9800033569336
276.0,160.0,45.0099983215332,110.9800033569336
275.0,160.0,45.0099983215332,110.9800033569336
275.0,160.0,45.0099983215332,110.9800033569336
273.0,160.0,45.0099983215332,110.9800033569336
273.0,161.0,45.0099983215332,110.9800033569336
272.0,161.0,45.0099983215332,110.9800033569336
272.0,161.0,45.0099983215332,110.9800033569336
272.0,160.0,45.0099983215332,110.9800033569336
272.0,159.0,45.0099983215332,110.9800033569336
271.0,159.0,45.0099983215332,110.9800033569336
270.0,160.0,45.0099983215332,110.9800033569336
270.0,160.0,45.0099983215332,110.9800033569336
269.0,164.0,45.0099983215332,110.9800033569336
267.0,165.0,45.0099983215332,110.9800033569336
266.0,165.0,45.0099983215332,110.9800033569336
265.0,176.0,45.0099983215332,110.9800033569336
263.0,176.0,45.0099983215332,110.9800033569336
263.0,176.0,45.0099983215332,110.9800033569336
263.0,176.0,45.0099983215332,110.9800033569336
259.0,179.0,45.0099983215332,110.9800033569336
257.0,179.0,45.0099983215332,110.9800033569336
257.0,157.0,45.0099983215332,110.9800033569336
255.0,156.0,45.0099983215332,110.9800033569336
252.0,156.0,45.0099983215332,110.9800033569336
250.0,155.0,45.0099983215332,110.9800033569336
246.0,171.0,45.0099983215332,110.9800033569336
245.0,172.0,45.0099983215332,110.9800033569336
243.0,172.0,45.0099983215332,110.9800033569336
241.0,171.0,45.0099983215332,110.9800033569336
240.0,166.0,45.0099983215332,110.9800033569336
239.0,165.0,45.0099983215332,110.9800033569336
237.0,181.0,45.0099983215332,110.9800033569336
234.0,186.0,45.0099983215332,110.9800033569336
232.0,187.0,45.0099983215332,110.9800033569336
229.0,184.0,45.0099983215332,110.9800033569336
226.0,183.0,45.0099983215332,110.9800033569336
223.0,185.0,45.0099983215332,110.9800033569336
223.0,194.0,45.0099983215332,110.9800033569336
221.0,195.0,45.0099983215332,110.9800033569336
220.0,202.0,45.0099983215332,110.9800033569336
214.0,176.0,45.0099983215332,110.9800033569336
211.0,178.0,45.0099983215332,110.9800033569336
209.0,178.0,45.0099983215332,110.9800033569336
207.0,178.0,45.0099983215332,110.9800033569336
206.0,178.0,45.0099983215332,110.9800033569336
204.0,186.0,45.0099983215332,110.9800033569336
203.0,182.0,45.0099983215332,110.9800033569336
201.0,185.0,45.0099983215332,110.9800033569336
198.0,186.0,45.0099983215332,110.9800033569336
205.0,162.0,45.0099983215332,110.9800033569336
204.0,150.0,45.0099983215332,110.9800033569336
202.0,160.0,45.0099983215332,110.9800033569336
200.0,161.0,45.0099983215332,110.9800033569336
198.0,161.0,45.0099983215332,110.9800033569336
185.0,180.0,45.0099983215332,110.9800033569336
184.0,179.0,45.0099983215332,110.9800033569336
183.0,178.0,45.0099983215332,110.9800033569336
181.0,178.0,45.0099983215332,110.9800033569336
180.0,177.0,45.0099983215332,110.9800033569336
181.0,172.0,45.0099983215332,110.9800033569336
181.0,170.0,45.0099983215332,110.9800033569336
181.0,171.0,45.0099983215332,110.9800033569336
181.0,172.0,45.0099983215332,110.9800033569336
181.0,174.0,45.0099983215332,110.9800033569336
181.0,174.0,45.0099983215332,110.9800033569336
180.0,181.0,45.0099983215332,110.9800033569336
180.0,184.0,45.0099983215332,110.9800033569336
182.0,182.0,45.0099983215332,110.9800033569336
173.0,192.0,45.0099983215332,110.9800033569336
174.0,193.0,45.0099983215332,110.9800033569336
176.0,189.0,45.0099983215332,110.9800033569336
176.0,187.0,45.0099983215332,110.9800033569336
176.0,186.0,45.0099983215332,110.9800033569336
169.0,168.0,45.0099983215332,110.9800033569336
165.0,160.0,45.0099983215332,110.9800033569336
176.0,134.0,45.0099983215332,110.9800033569336
186.0,108.0,45.0099983215332,110.9800033569336
191.0,86.0,45.0099983215332,110.9800033569336
197.0,111.0,45.0099983215332,110.9800033569336
201.0,110.0,45.0099983215332,110.9800033569336
204.0,85.0,45.0099983215332,110.9800033569336
208.0,85.0,45.0099983215332,110.9800033569336
214.0,104.0,45.0099983215332,110.9800033569336
217.0,104.0,45.0099983215332,110.9800033569336
219.0,106.0,45.0099983215332,110.9800033569336
222.0,106.0,45.0099983215332,110.9800033569336
224.0,104.0,45.0099983215332,110.9800033569336
226.0,104.0,45.0099983215332,110.9800033569336
227.0,104.0,45.0099983215332,110.9800033569336
228.0,104.0,45.0099983215332,110.9800033569336
229.0,104.0,45.0099983215332,110.9800033569336
230.0,104.0,45.0099983215332,110.9800033569336
232.0,102.0,45.0099983215332,110.9800033569336
232.0,102.0,45.0099983215332,110.9800033569336
229.0,107.0,45.0099983215332,110.9800033569336
231.0,105.0,45.0099983215332,110.9800033569336
231.0,105.0,45.0099983215332,110.9800033569336
232.0,104.0,45.0099983215332,110.9800033569336
233.0,100.0,45.0099983215332,110.9800033569336
232.0,93.0,45.0099983215332,110.9800033569336
231.0,102.0,45.0099983215332,110.9800033569336
233.0,95.0,45.0099983215332,110.9800033569336
232.0,101.0,45.0099983215332,110.9800033569336
233.0,101.0,45.0099983215332,110.9800033569336
233.0,102.0,45.0099983215332,110.9800033569336
234.0,102.0,45.0099983215332,110.9800033569336
234.0,102.0,45.0099983215332,110.9800033569336
235.0,103.0,45.0099983215332,110.9800033569336
236.0,98.0,45.0099983215332,110.9800033569336
237.0,111.0,45.0099983215332,110.9800033569336
238.0,112.0,45.0099983215332,110.9800033569336
238.0,113.0,45.0099983215332,110.9800033569336
239.0,113.0,45.0099983215332,110.9800033569336
241.0,110.0,45.0099983215332,110.9800033569336
240.0,112.0,45.0099983215332,110.9800033569336
240.0,115.0,45.0099983215332,110.9800033569336
239.0,117.0,45.0099983215332,110.9800033569336
239.0,111.0,45.0099983215332,110.9800033569336
239.0,113.0,45.0099983215332,110.9800033569336
240.0,117.0,45.0099983215332,110.9800033569336
241.0,118.0,45.0099983215332,110.9800033569336
242.0,119.0,45.0099983215332,110.9800033569336
242.0,120.0,45.0099983215332,110.9800033569336
242.0,121.0,45.0099983215332,110.9800033569336
242.0,123.0,45.0099983215332,110.9800033569336
242.0,126.0,45.0099983215332,110.9800033569336
242.0,127.0,45.0099983215332,110.9800033569336
242.0,128.0,45.0099983215332,110.9800033569336
242.0,129.0,45.0099983215332,110.9800033569336
244.0,136.0,45.0099983215332,110.9800033569336
244.0,128.0,45.0099983215332,110.9800033569336
248.0,121.0,45.0099983215332,110.9800033569336
249.0,122.0,45.0099983215332,110.9800033569336
250.0,122.0,45.0099983215332,110.9800033569336
251.0,123.0,45.0099983215332,110.9800033569336
253.0,123.0,45.0099983215332,110.9800033569336
254.0,124.0,45.0099983215332,110.9800033569336
255.0,124.0,45.0099983215332,110.9800033569336
256.0,124.0,45.0099983215332,110.9800033569336
257.0,124.0,45.0099983215332,110.9800033569336
258.0,125.0,45.0099983215332,110.9800033569336
258.0,125.0,45.0099983215332,110.9800033569336
259.0,125.0,45.0099983215332,110.9800033569336
260.0,126.0,45.0099983215332,110.9800033569336
260.0,126.0,45.0099983215332,110.9800033569336
260.0,127.0,45.0099983215332,110.9800033569336
261.0,127.0,45.0099983215332,110.9800033569336
261.0,128.0,45.0099983215332,110.9800033569336
261.0,128.0,45.0099983215332,110.9800033569336
261.0,129.0,45.0099983215332,110.9800033569336
260.0,136.0,45.0099983215332,110.9800033569336
260.0,136.0,45.0099983215332,110.9800033569336
261.0,137.0,45.0099983215332,110.9800033569336
261.0,137.0,45.0099983215332,110.9800033569336
262.0,138.0,45.0099983215332,110.9800033569336
262.0,139.0,45.0099983215332,110.9800033569336
263.0,141.0,45.0099983215332,110.9800033569336
263.0,140.0,45.0099983215332,110.9800033569336
264.0,140.0,45.0099983215332,110.9800033569336
264.0,141.0,45.0099983215332,110.9800033569336
265.0,141.0,45.0099983215332,110.9800033569336
266.0,141.0,45.0099983215332,110.9800033569336
266.0,141.0,45.0099983215332,110.9800033569336
267.0,142.0,45.0099983215332,110.9800033569336
269.0,145.0,45.0099983215332,110.9800033569336
269.0,142.0,45.0099983215332,110.9800033569336
270.0,144.0,45.0099983215332,110.9800033569336
271.0,142.0,45.0099983215332,110.9800033569336
271.0,144.0,45.0099983215332,110.9800033569336
272.0,143.0,45.0099983215332,110.9800033569336
273.0,143.0,45.0099983215332,110.9800033569336
273.0,144.0,45.0099983215332,110.9800033569336
277.0,136.0,45.0099983215332,110.9800033569336
274.0,145.0,45.0099983215332,110.9800033569336
275.0,145.0,45.0099983215332,110.9800033569336
279.0,137.0,45.0099983215332,110.9800033569336
280.0,137.0,45.0099983215332,110.9800033569336
281.0,138.0,45.0099983215332,110.9800033569336
281.0,138.0,45.0099983215332,110.9800033569336
278.0,146.0,45.0099983215332,110.9800033569336
279.0,146.0,45.0099983215332,110.9800033569336
280.0,146.0,45.0099983215332,110.9800033569336
285.0,139.0,45.0099983215332,110.9800033569336
286.0,139.0,45.0099983215332,110.9800033569336
287.0,139.0,45.0099983215332,110.9800033569336
288.0,139.0,45.0099983215332,110.9800033569336
288.0,139.0,45.0099983215332,110.9800033569336
289.0,139.0,45.0099983215332,110.9800033569336
290.0,138.0,45.0099983215332,110.9800033569336
291.0,136.0,45.0099983215332,110.9800033569336
292.0,139.0,45.0099983215332,110.9800033569336
293.0,140.0,45.0099983215332,110.9800033569336
294.0,141.0,45.0099983215332,110.9800033569336
295.0,141.0,45.0099983215332,110.9800033569336
296.0,141.0,45.0099983215332,110.9800033569336
296.0,141.0,45.0099983215332,110.9800033569336
297.0,141.0,45.0099983215332,110.9800033569336
297.0,141.0,45.0099983215332,110.9800033569336
298.0,141.0,45.0099983215332,110.9800033569336
298.0,141.0,45.0099983215332,110.9800033569336
299.0,135.0,45.0099983215332,110.9800033569336
300.0,135.0,45.0099983215332,110.9800033569336
301.0,135.0,45.0099983215332,110.9800033569336
301.0,135.0,45.0099983215332,110.9800033569336
302.0,136.0,45.0099983215332,110.9800033569336
304.0,139.0,45.0099983215332,110.9800033569336
304.0,140.0,45.0099983215332,110.9800033569336
305.0,140.0,45.0099983215332,110.9800033569336
306.0,141.0,45.0099983215332,110.9800033569336
306.0,143.0,45.0099983215332,110.9800033569336
307.0,144.0,45.0099983215332,110.9800033569336
308.0,144.0,45.0099983215332,110.9800033569336
309.0,152.0,45.0099983215332,110.9800033569336
309.0,156.0,45.0099983215332,110.9800033569336
309.0,157.0,45.0099983215332,110.9800033569336
309.0,157.0,45.0099983215332,110.9800033569336
309.0,157.0,45.0099983215332,110.9800033569336
309.0,156.0,45.0099983215332,110.9800033569336
310.0,153.0,45.0099983215332,110.9800033569336
308.0,148.0,45.0099983215332,110.9800033569336
309.0,146.0,45.0099983215332,110.9800033569336
311.0,143.0,45.0099983215332,110.9800033569336
312.0,141.0,45.0099983215332,110.9800033569336
313.0,141.0,45.0099983215332,110.9800033569336
313.0,137.0,45.0099983215332,110.9800033569336
314.0,136.0,45.0099983215332,110.9800033569336
315.0,137.0,45.0099983215332,110.9800033569336
315.0,138.0,45.0099983215332,110.9800033569336
316.0,143.0,45.0099983215332,110.9800033569336
317.0,145.0,45.0099983215332,110.9800033569336
318.0,147.0,45.0099983215332,110.9800033569336
320.0,152.0,45.0099983215332,110.9800033569336
320.0,153.0,45.0099983215332,110.9800033569336
321.0,154.0,45.0099983215332,110.9800033569336
318.0,161.0,45.0099983215332,110.9800033569336
321.0,154.0,45.0099983215332,110.9800033569336
321.0,154.0,45.0099983215332,110.9800033569336
321.0,155.0,45.0099983215332,110.9800033569336
321.0,155.0,45.0099983215332,110.9800033569336
320.0,156.0,45.0099983215332,110.9800033569336
318.0,161.0,45.0099983215332,110.9800033569336
315.0,162.0,45.0099983215332,110.9800033569336
314.0,161.0,45.0099983215332,110.9800033569336
310.0,160.0,45.0099983215332,110.9800033569336
306.0,162.0,45.0099983215332,110.9800033569336
303.0,164.0,45.0099983215332,110.9800033569336
303.0,165.0,45.0099983215332,110.9800033569336
301.0,167.0,45.0099983215332,110.9800033569336
299.0,168.0,45.0099983215332,110.9800033569336
296.0,167.0,45.0099983215332,110.9800033569336
293.0,166.0,45.0099983215332,110.9800033569336
290.0,166.0,45.0099983215332,110.9800033569336
289.0,166.0,45.0099983215332,110.9800033569336
292.0,159.0,45.0099983215332,110.9800033569336
290.0,160.0,45.0099983215332,110.9800033569336
282.0,144.0,45.0099983215332,110.9800033569336
280.0,151.0,45.0099983215332,110.9800033569336
280.0,153.0,45.0099983215332,110.9800033569336
278.0,159.0,45.0099983215332,110.9800033569336
275.0,154.0,45.0099983215332,110.9800033569336
273.0,155.0,45.0099983215332,110.9800033569336
273.0,155.0,45.0099983215332,110.9800033569336
272.0,156.0,45.0099983215332,110.9800033569336
270.0,156.0,45.0099983215332,110.9800033569336
268.0,157.0,45.0099983215332,110.9800033569336
264.0,158.0,45.0099983215332,110.9800033569336
261.0,158.0,45.0099983215332,110.9800033569336
258.0,158.0,45.0099983215332,110.9800033569336
256.0,159.0,45.0099983215332,110.9800033569336
254.0,159.0,45.0099983215332,110.9800033569336
253.0,161.0,45.0099983215332,110.9800033569336
251.0,160.0,45.0099983215332,110.9800033569336
248.0,160.0,45.0099983215332,110.9800033569336
246.0,162.0,45.0099983215332,110.9800033569336
244.0,162.0,45.0099983215332,110.9800033569336
241.0,162.0,45.0099983215332,110.9800033569336
239.0,162.0,45.0099983215332,110.9800033569336
237.0,162.0,45.0099983215332,110.9800033569336
234.0,162.0,45.0099983215332,110.9800033569336
231.0,162.0,45.0099983215332,110.9800033569336
226.0,162.0,45.0099983215332,110.9800033569336
222.0,162.0,45.0099983215332,110.9800033569336
218.0,163.0,45.0099983215332,110.9800033569336
213.0,163.0,45.0099983215332,110.9800033569336
207.0,164.0,45.0099983215332,110.9800033569336
201.0,164.0,45.0099983215332,110.9800033569336
196.0,165.0,45.0099983215332,110.9800033569336
190.0,165.0,45.0099983215332,110.9800033569336
184.0,166.0,45.0099983215332,110.9800033569336
178.0,166.0,45.0099983215332,110.9800033569336
173.0,166.0,45.0099983215332,110.9800033569336
168.0,166.0,45.0099983215332,110.9800033569336
163.0,166.0,45.0099983215332,110.9800033569336
157.0,166.0,45.0099983215332,110.9800033569336
152.0,165.0,45.0099983215332,110.9800033569336
150.0,170.0,45.0099983215332,110.9800033569336
144.0,170.0,45.0099983215332,110.9800033569336
138.0,169.0,45.0099983215332,110.9800033569336
120.0,164.0,45.0099983215332,110.9800033569336
114.0,164.0,45.0099983215332,110.9800033569336
108.0,164.0,45.0099983215332,110.9800033569336
103.0,164.0,45.0099983215332,110.9800033569336
98.0,164.0,45.0099983215332,110.9800033569336
92.0,163.0,45.0099983215332,110.9800033569336
88.0,163.0,45.0099983215332,110.9800033569336
83.0,163.0,45.0099983215332,110.9800033569336
79.0,163.0,45.0099983215332,110.9800033569336
89.0,166.0,45.0099983215332,110.9800033569336
86.0,165.0,45.0099983215332,110.9800033569336
82.0,166.0,45.0099983215332,110.9800033569336
78.0,166.0,45.0099983215332,110.9800033569336
72.0,167.0,45.0099983215332,110.9800033569336
67.0,166.0,45.0099983215332,110.9800033569336
61.0,164.0,45.0099983215332,110.9800033569336
50.0,164.0,45.0099983215332,110.9800033569336
44.0,164.0,45.0099983215332,110.9800033569336
41.0,163.0,45.0099983215332,110.9800033569336
37.0,164.0,45.0099983215332,110.9800033569336
35.0,163.0,45.0099983215332,110.9800033569336
30.0,163.0,45.0099983215332,110.9800033569336
24.0,157.0,45.0099983215332,110.9800033569336
20.0,158.0,45.0099983215332,110.9800033569336
14.0,158.0,45.0099983215332,110.9800033569336
8.0,158.0,45.0099983215332,110.9800033569336
20.0,175.0,45.0099983215332,110.9800033569336
14.0,177.0,45.0099983215332,110.9800033569336
9.0,179.0,45.0099983215332,110.9800033569336
2.0,180.0,45.0099983215332,110.9800033569336
0.0,170.0,45.0099983215332,110.9800033569336
0.0,170.0,45.0099983215332,110.9800033569336
26.0,169.0,45.0099983215332,110.9800033569336
27.0,168.0,45.0099983215332,110.9800033569336
24.0,168.0,45.0099983215332,110.9800033569336
22.0,168.0,45.0099983215332,110.9800033569336
20.0,168.0,45.0099983215332,110.9800033569336
19.0,168.0,45.0099983215332,110.9800033569336
17.0,168.0,45.0099983215332,110.9800033569336
29.0,166.0,45.0099983215332,110.9800033569336
26.0,166.0,45.0099983215332,110.9800033569336
25.0,165.0,45.0099983215332,110.9800033569336
23.0,165.0,45.0099983215332,110.9800033569336
34.0,165.0,45.0099983215332,110.9800033569336
33.0,165.0,45.0099983215332,110.9800033569336
33.0,164.0,45.0099983215332,110.9800033569336
34.0,164.0,45.0099983215332,110.9800033569336
33.0,164.0,45.0099983215332,110.9800033569336
33.0,163.0,45.0099983215332,110.9800033569336
32.0,162.0,45.0099983215332,110.9800033569336
31.0,161.0,45.0099983215332,110.9800033569336
30.0,159.0,45.0099983215332,110.9800033569336
28.0,158.0,45.0099983215332,110.9800033569336
24.0,157.0,45.0099983215332,110.9800033569336
8.0,156.0,45.0099983215332,110.9800033569336
6.0,155.0,45.0099983215332,110.9800033569336
0.0,153.0,45.0099983215332,110.9800033569336
26.0,154.0,45.0099983215332,110.9800033569336
32.0,154.0,45.0099983215332,110.9800033569336
33.0,153.0,45.0099983215332,110.9800033569336
33.0,153.0,45.0099983215332,110.9800033569336
32.0,152.0,45.0099983215332,110.9800033569336
32.0,151.0,45.0099983215332,110.9800033569336
25.0,150.0,45.0099983215332,110.9800033569336
25.0,148.0,45.0099983215332,110.9800033569336
27.0,148.0,45.0099983215332,110.9800033569336
36.0,147.0,45.0099983215332,110.9800033569336
38.0,147.0,45.0099983215332,110.9800033569336
42.0,146.0,45.0099983215332,110.9800033569336
17.0,127.0,45.0099983215332,110.9800033569336
8.0,139.0,45.0099983215332,110.9800033569336
0.0,164.0,45.0099983215332,110.9800033569336
7.0,186.0,45.0099983215332,110.9800033569336
14.0,185.0,45.0099983215332,110.9800033569336
20.0,195.0,45.0099983215332,110.9800033569336
27.0,194.0,45.0099983215332,110.9800033569336
39.0,181.0,45.0099983215332,110.9800033569336
47.0,180.0,45.0099983215332,110.9800033569336
55.0,180.0,45.0099983215332,110.9800033569336
62.0,181.0,45.0099983215332,110.9800033569336
70.0,183.0,45.0099983215332,110.9800033569336
44.0,208.0,45.0099983215332,110.9800033569336
39.0,214.0,45.0099983215332,110.9800033569336
57.0,213.0,45.0099983215332,110.9800033569336
61.0,214.0,45.0099983215332,110.9800033569336
68.0,213.0,45.0099983215332,110.9800033569336
75.0,212.0,45.0099983215332,110.9800033569336
82.0,212.0,45.0099983215332,110.9800033569336
90.0,212.0,45.0099983215332,110.9800033569336
99.0,213.0,45.0099983215332,110.9800033569336
114.0,187.0,45.0099983215332,110.9800033569336
138.0,208.0,45.0099983215332,110.9800033569336
115.0,215.0,45.0099983215332,110.9800033569336
122.0,214.0,45.0099983215332,110.9800033569336
127.0,215.0,45.0099983215332,110.9800033569336
133.0,214.0,45.0099983215332,110.9800033569336
142.0,214.0,45.0099983215332,110.9800033569336
156.0,190.0,45.0099983215332,110.9800033569336
166.0,192.0,45.0099983215332,110.9800033569336
167.0,195.0,45.0099983215332,110.9800033569336
170.0,196.0,45.0099983215332,110.9800033569336
174.0,195.0,45.0099983215332,110.9800033569336
176.0,187.0,45.0099983215332,110.9800033569336
180.0,198.0,45.0099983215332,110.9800033569336
182.0,213.0,45.0099983215332,110.9800033569336
184.0,213.0,45.0099983215332,110.9800033569336
187.0,199.0,45.0099983215332,110.9800033569336
189.0,199.0,45.0099983215332,110.9800033569336
192.0,197.0,45.0099983215332,110.9800033569336
195.0,199.0,45.0099983215332,110.9800033569336
193.0,201.0,45.0099983215332,110.9800033569336
181.0,186.0,45.0099983215332,110.9800033569336
179.0,191.0,45.0099983215332,110.9800033569336
176.0,191.0,45.0099983215332,110.9800033569336
167.0,213.0,45.0099983215332,110.9800033569336
165.0,195.0,45.0099983215332,110.9800033569336
163.0,194.0,45.0099983215332,110.9800033569336
164.0,194.0,45.0099983215332,110.9800033569336
160.0,188.0,45.0099983215332,110.9800033569336
153.0,174.0,45.0099983215332,110.9800033569336
149.0,171.0,45.0099983215332,110.9800033569336
144.0,169.0,45.0099983215332,110.9800033569336
157.0,143.0,45.0099983215332,110.9800033569336
155.0,137.0,45.0099983215332,110.9800033569336
153.0,136.0,45.0099983215332,110.9800033569336
151.0,134.0,45.0099983215332,110.9800033569336
151.0,134.0,45.0099983215332,110.9800033569336
151.0,137.0,45.0099983215332,110.9800033569336
152.0,138.0,45.0099983215332,110.9800033569336
126.0,133.0,45.0099983215332,110.9800033569336
129.0,133.0,45.0099983215332,110.9800033569336
139.0,135.0,45.0099983215332,110.9800033569336
140.0,136.0,45.0099983215332,110.9800033569336
138.0,135.0,45.0099983215332,110.9800033569336
140.0,136.0,45.0099983215332,110.9800033569336
150.0,137.0,45.0099983215332,110.9800033569336
150.0,138.0,45.0099983215332,110.9800033569336
150.0,139.0,45.0099983215332,110.9800033569336
151.0,141.0,45.0099983215332,110.9800033569336
160.0,131.0,45.0099983215332,110.9800033569336
138.0,146.0,45.0099983215332,110.9800033569336
142.0,147.0,45.0099983215332,110.9800033569336
168.0,133.0,45.0099983215332,110.9800033569336
159.0,155.0,45.0099983215332,110.9800033569336
163.0,158.0,45.0099983215332,110.9800033569336
166.0,160.0,45.0099983215332,110.9800033569336
170.0,161.0,45.0099983215332,110.9800033569336
173.0,165.0,45.0099983215332,110.9800033569336
176.0,168.0,45.0099983215332,110.9800033569336
180.0,172.0,45.0099983215332,110.9800033569336
184.0,175.0,45.0099983215332,110.9800033569336
186.0,180.0,45.0099983215332,110.9800033569336
188.0,183.0,45.0099983215332,110.9800033569336
191.0,185.0,45.0099983215332,110.9800033569336
196.0,187.0,45.0099983215332,110.9800033569336
198.0,190.0,45.0099983215332,110.9800033569336
201.0,193.0,45.0099983215332,110.9800033569336
203.0,196.0,45.0099983215332,110.9800033569336
213.0,197.0,45.0099983215332,110.9800033569336
213.0,198.0,45.0099983215332,110.9800033569336
214.0,200.0,45.0099983215332,110.9800033569336
216.0,203.0,45.0099983215332,110.9800033569336
216.0,204.0,45.0099983215332,110.9800033569336
216.0,204.0,45.0099983215332,110.9800033569336
215.0,202.0,45.0099983215332,110.9800033569336
214.0,205.0,45.0099983215332,110.9800033569336
214.0,204.0,45.0099983215332,110.9800033569336
212.0,204.0,45.0099983215332,110.9800033569336
206.0,202.0,45.0099983215332,110.9800033569336
209.0,203.0,45.0099983215332,110.9800033569336
213.0,204.0,45.0099983215332,110.9800033569336
204.0,204.0,45.0099983215332,110.9800033569336
204.0,204.0,45.0099983215332,110.9800033569336
201.0,204.0,45.0099983215332,110.9800033569336
175.0,200.0,45.0099983215332,110.9800033569336
170.0,201.0,45.0099983215332,110.9800033569336
178.0,205.0,45.0099983215332,110.9800033569336
180.0,199.0,45.0099983215332,110.9800033569336
179.0,198.0,45.0099983215332,110.9800033569336
179.0,198.0,45.0099983215332,110.9800033569336
189.0,204.0,45.0099983215332,110.9800033569336
190.0,200.0,45.0099983215332,110.9800033569336
189.0,204.0,45.0099983215332,110.9800033569336
189.0,201.0,45.0099983215332,110.9800033569336
191.0,201.0,45.0099983215332,110.9800033569336
192.0,201.0,45.0099983215332,110.9800033569336
198.0,202.0,45.0099983215332,110.9800033569336
200.0,201.0,45.0099983215332,110.9800033569336
200.0,202.0,45.0099983215332,110.9800033569336
199.0,202.0,45.0099983215332,110.9800033569336
197.0,202.0,45.0099983215332,110.9800033569336
193.0,202.0,45.0099983215332,110.9800033569336
195.0,180.0,45.0099983215332,110.9800033569336
190.0,204.0,45.0099983215332,110.9800033569336
188.0,202.0,45.0099983215332,110.9800033569336
187.0,204.0,45.0099983215332,110.9800033569336
187.0,207.0,45.0099983215332,110.9800033569336
198.0,207.0,45.0099983215332,110.9800033569336
197.0,208.0,45.0099983215332,110.9800033569336
196.0,208.0,45.0099983215332,110.9800033569336
196.0,210.0,45.0099983215332,110.9800033569336
200.0,206.0,45.0099983215332,110.9800033569336
202.0,211.0,45.0099983215332,110.9800033569336
202.0,214.0,45.0099983215332,110.9800033569336
201.0,213.0,45.0099983215332,110.9800033569336
203.0,213.0,45.0099983215332,110.9800033569336
203.0,213.0,45.0099983215332,110.9800033569336
204.0,213.0,45.0099983215332,110.9800033569336
205.0,214.0,45.0099983215332,110.9800033569336
201.0,232.0,45.0099983215332,110.9800033569336
204.0,232.0,45.0099983215332,110.9800033569336
214.0,213.0,45.0099983215332,110.9800033569336
214.0,229.0,45.0099983215332,110.9800033569336
218.0,229.0,45.0099983215332,110.9800033569336
220.0,228.0,45.0099983215332,110.9800033569336
222.0,226.0,45.0099983215332,110.9800033569336
228.0,228.0,45.0099983215332,110.9800033569336
208.0,206.0,45.0099983215332,110.9800033569336
