1
329.0,113.0,81.70999908447266,15.649999618530273
319.0,114.0,81.70999908447266,15.649999618530273
319.0,115.0,81.70999908447266,15.649999618530273
315.0,116.0,81.70999908447266,15.649999618530273
315.0,116.0,81.70999908447266,15.649999618530273
312.0,117.0,81.70999908447266,15.649999618530273
300.0,120.0,81.70999908447266,15.649999618530273
301.0,127.0,81.70999908447266,15.649999618530273
304.0,133.0,81.70999908447266,15.649999618530273
320.0,141.0,81.70999908447266,15.649999618530273
345.0,158.0,81.70999908447266,15.649999618530273
370.0,166.0,81.70999908447266,15.649999618530273
357.0,166.0,81.70999908447266,15.649999618530273
360.0,157.0,81.70999908447266,15.649999618530273
370.0,171.0,81.70999908447266,15.649999618530273
363.0,160.0,81.70999908447266,15.649999618530273
360.0,161.0,81.70999908447266,15.649999618530273
359.0,164.0,81.70999908447266,15.649999618530273
362.0,161.0,81.70999908447266,15.649999618530273
368.0,175.0,81.70999908447266,15.649999618530273
362.0,163.0,81.70999908447266,15.649999618530273
370.0,172.0,81.70999908447266,15.649999618530273
364.0,158.0,81.70999908447266,15.649999618530273
361.0,158.0,81.70999908447266,15.649999618530273
359.0,165.0,81.70999908447266,15.649999618530273
361.0,167.0,81.70999908447266,15.649999618530273
371.0,166.0,81.70999908447266,15.649999618530273
361.0,158.0,81.70999908447266,15.649999618530273
365.0,169.0,81.70999908447266,15.649999618530273
364.0,158.0,81.70999908447266,15.649999618530273
370.0,172.0,81.70999908447266,15.649999618530273
365.0,156.0,81.70999908447266,15.649999618530273
362.0,160.0,81.70999908447266,15.649999618530273
362.0,162.0,81.70999908447266,15.649999618530273
358.0,165.0,81.70999908447266,15.649999618530273
370.0,165.0,81.70999908447266,15.649999618530273
359.0,159.0,81.70999908447266,15.649999618530273
370.0,167.0,81.70999908447266,15.649999618530273
358.0,165.0,81.70999908447266,15.649999618530273
357.0,168.0,81.70999908447266,15.649999618530273
376.0,158.0,81.70999908447266,15.649999618530273
360.0,163.0,81.70999908447266,15.649999618530273
358.0,166.0,81.70999908447266,15.649999618530273
362.0,162.0,81.70999908447266,15.649999618530273
378.0,158.0,81.70999908447266,15.649999618530273
359.0,158.0,81.70999908447266,15.649999618530273
364.0,160.0,81.70999908447266,15.649999618530273
370.0,169.0,81.70999908447266,15.649999618530273
363.0,164.0,81.70999908447266,15.649999618530273
358.0,165.0,81.70999908447266,15.649999618530273
361.0,163.0,81.70999908447266,15.649999618530273
369.0,172.0,81.70999908447266,15.649999618530273
358.0,165.0,81.70999908447266,15.649999618530273
364.0,157.0,81.70999908447266,15.649999618530273
370.0,170.0,81.70999908447266,15.649999618530273
362.0,162.0,81.70999908447266,15.649999618530273
360.0,164.0,81.70999908447266,15.649999618530273
363.0,161.0,81.70999908447266,15.649999618530273
358.0,168.0,81.70999908447266,15.649999618530273
361.0,170.0,81.70999908447266,15.649999618530273
373.0,164.0,81.70999908447266,15.649999618530273
361.0,161.0,81.70999908447266,15.649999618530273
361.0,163.0,81.70999908447266,15.649999618530273
363.0,156.0,81.70999908447266,15.649999618530273
359.0,168.0,81.70999908447266,15.649999618530273
361.0,160.0,81.70999908447266,15.649999618530273
361.0,161.0,81.70999908447266,15.649999618530273
376.0,163.0,81.70999908447266,15.649999618530273
361.0,163.0,81.70999908447266,15.649999618530273
361.0,163.0,81.70999908447266,15.649999618530273
361.0,161.0,81.70999908447266,15.649999618530273
371.0,167.0,81.70999908447266,15.649999618530273
356.0,171.0,81.70999908447266,15.649999618530273
358.0,166.0,81.70999908447266,15.649999618530273
369.0,172.0,81.70999908447266,15.649999618530273
372.0,167.0,81.70999908447266,15.649999618530273
362.0,157.0,81.70999908447266,15.649999618530273
363.0,157.0,81.70999908447266,15.649999618530273
373.0,164.0,81.70999908447266,15.649999618530273
374.0,163.0,81.70999908447266,15.649999618530273
362.0,158.0,81.70999908447266,15.649999618530273
371.0,170.0,81.70999908447266,15.649999618530273
359.0,169.0,81.70999908447266,15.649999618530273
358.0,172.0,81.70999908447266,15.649999618530273
358.0,164.0,81.70999908447266,15.649999618530273
372.0,165.0,81.70999908447266,15.649999618530273
359.0,169.0,81.70999908447266,15.649999618530273
360.0,164.0,81.70999908447266,15.649999618530273
369.0,173.0,81.70999908447266,15.649999618530273
372.0,166.0,81.70999908447266,15.649999618530273
361.0,162.0,81.70999908447266,15.649999618530273
358.0,165.0,81.70999908447266,15.649999618530273
371.0,170.0,81.70999908447266,15.649999618530273
360.0,164.0,81.70999908447266,15.649999618530273
359.0,166.0,81.70999908447266,15.649999618530273
358.0,170.0,81.70999908447266,15.649999618530273
357.0,157.0,81.70999908447266,15.649999618530273
368.0,167.0,81.70999908447266,15.649999618530273
372.0,171.0,81.70999908447266,15.649999618530273
358.0,164.0,81.70999908447266,15.649999618530273
358.0,166.0,81.70999908447266,15.649999618530273
359.0,165.0,81.70999908447266,15.649999618530273
373.0,164.0,81.70999908447266,15.649999618530273
355.0,177.0,81.70999908447266,15.649999618530273
372.0,169.0,81.70999908447266,15.649999618530273
361.0,165.0,81.70999908447266,15.649999618530273
359.0,165.0,81.70999908447266,15.649999618530273
372.0,165.0,81.70999908447266,15.649999618530273
357.0,165.0,81.70999908447266,15.649999618530273
358.0,165.0,81.70999908447266,15.649999618530273
374.0,166.0,81.70999908447266,15.649999618530273
363.0,161.0,81.70999908447266,15.649999618530273
359.0,158.0,81.70999908447266,15.649999618530273
358.0,166.0,81.70999908447266,15.649999618530273
358.0,162.0,81.70999908447266,15.649999618530273
373.0,163.0,81.70999908447266,15.649999618530273
373.0,163.0,81.70999908447266,15.649999618530273
360.0,159.0,81.70999908447266,15.649999618530273
359.0,166.0,81.70999908447266,15.649999618530273
369.0,166.0,81.70999908447266,15.649999618530273
370.0,169.0,81.70999908447266,15.649999618530273
361.0,162.0,81.70999908447266,15.649999618530273
357.0,178.0,81.70999908447266,15.649999618530273
357.0,164.0,81.70999908447266,15.649999618530273
360.0,162.0,81.70999908447266,15.649999618530273
358.0,172.0,81.70999908447266,15.649999618530273
358.0,166.0,81.70999908447266,15.649999618530273
362.0,158.0,81.70999908447266,15.649999618530273
364.0,158.0,81.70999908447266,15.649999618530273
372.0,163.0,81.70999908447266,15.649999618530273
362.0,159.0,81.70999908447266,15.649999618530273
356.0,174.0,81.70999908447266,15.649999618530273
357.0,163.0,81.70999908447266,15.649999618530273
370.0,165.0,81.70999908447266,15.649999618530273
365.0,165.0,81.70999908447266,15.649999618530273
362.0,159.0,81.70999908447266,15.649999618530273
360.0,169.0,81.70999908447266,15.649999618530273
362.0,161.0,81.70999908447266,15.649999618530273
371.0,170.0,81.70999908447266,15.649999618530273
364.0,158.0,81.70999908447266,15.649999618530273
362.0,165.0,81.70999908447266,15.649999618530273
357.0,168.0,81.70999908447266,15.649999618530273
358.0,165.0,81.70999908447266,15.649999618530273
362.0,158.0,81.70999908447266,15.649999618530273
364.0,159.0,81.70999908447266,15.649999618530273
370.0,168.0,81.70999908447266,15.649999618530273
358.0,166.0,81.70999908447266,15.649999618530273
357.0,158.0,81.70999908447266,15.649999618530273
369.0,171.0,81.70999908447266,15.649999618530273
371.0,170.0,81.70999908447266,15.649999618530273
357.0,173.0,81.70999908447266,15.649999618530273
359.0,165.0,81.70999908447266,15.649999618530273
359.0,162.0,81.70999908447266,15.649999618530273
359.0,171.0,81.70999908447266,15.649999618530273
357.0,158.0,81.70999908447266,15.649999618530273
362.0,162.0,81.70999908447266,15.649999618530273
357.0,170.0,81.70999908447266,15.649999618530273
373.0,165.0,81.70999908447266,15.649999618530273
362.0,160.0,81.70999908447266,15.649999618530273
372.0,171.0,81.70999908447266,15.649999618530273
361.0,165.0,81.70999908447266,15.649999618530273
358.0,167.0,81.70999908447266,15.649999618530273
369.0,168.0,81.70999908447266,15.649999618530273
360.0,161.0,81.70999908447266,15.649999618530273
370.0,168.0,81.70999908447266,15.649999618530273
357.0,165.0,81.70999908447266,15.649999618530273
361.0,160.0,81.70999908447266,15.649999618530273
364.0,166.0,81.70999908447266,15.649999618530273
362.0,162.0,81.70999908447266,15.649999618530273
361.0,162.0,81.70999908447266,15.649999618530273
354.0,178.0,81.70999908447266,15.649999618530273
358.0,170.0,81.70999908447266,15.649999618530273
360.0,165.0,81.70999908447266,15.649999618530273
372.0,165.0,81.70999908447266,15.649999618530273
376.0,159.0,81.70999908447266,15.649999618530273
356.0,178.0,81.70999908447266,15.649999618530273
357.0,160.0,81.70999908447266,15.649999618530273
360.0,164.0,81.70999908447266,15.649999618530273
372.0,165.0,81.70999908447266,15.649999618530273
372.0,165.0,81.70999908447266,15.649999618530273
367.0,164.0,81.70999908447266,15.649999618530273
360.0,164.0,81.70999908447266,15.649999618530273
358.0,171.0,81.70999908447266,15.649999618530273
358.0,166.0,81.70999908447266,15.649999618530273
374.0,169.0,81.70999908447266,15.649999618530273
362.0,157.0,81.70999908447266,15.649999618530273
360.0,165.0,81.70999908447266,15.649999618530273
362.0,157.0,81.70999908447266,15.649999618530273
362.0,158.0,81.70999908447266,15.649999618530273
371.0,167.0,81.70999908447266,15.649999618530273
360.0,163.0,81.70999908447266,15.649999618530273
365.0,158.0,81.70999908447266,15.649999618530273
357.0,163.0,81.70999908447266,15.649999618530273
360.0,161.0,81.70999908447266,15.649999618530273
362.0,163.0,81.70999908447266,15.649999618530273
357.0,171.0,81.70999908447266,15.649999618530273
357.0,165.0,81.70999908447266,15.649999618530273
362.0,158.0,81.70999908447266,15.649999618530273
373.0,165.0,81.70999908447266,15.649999618530273
359.0,163.0,81.70999908447266,15.649999618530273
362.0,161.0,81.70999908447266,15.649999618530273
362.0,161.0,81.70999908447266,15.649999618530273
358.0,171.0,81.70999908447266,15.649999618530273
357.0,166.0,81.70999908447266,15.649999618530273
359.0,161.0,81.70999908447266,15.649999618530273
362.0,159.0,81.70999908447266,15.649999618530273
360.0,166.0,81.70999908447266,15.649999618530273
373.0,166.0,81.70999908447266,15.649999618530273
359.0,159.0,81.70999908447266,15.649999618530273
357.0,172.0,81.70999908447266,15.649999618530273
362.0,159.0,81.70999908447266,15.649999618530273
356.0,159.0,81.70999908447266,15.649999618530273
371.0,171.0,81.70999908447266,15.649999618530273
369.0,171.0,81.70999908447266,15.649999618530273
361.0,162.0,81.70999908447266,15.649999618530273
358.0,165.0,81.70999908447266,15.649999618530273
362.0,160.0,81.70999908447266,15.649999618530273
360.0,158.0,81.70999908447266,15.649999618530273
359.0,164.0,81.70999908447266,15.649999618530273
364.0,159.0,81.70999908447266,15.649999618530273
356.0,173.0,81.70999908447266,15.649999618530273
373.0,164.0,81.70999908447266,15.649999618530273
373.0,164.0,81.70999908447266,15.649999618530273
362.0,160.0,81.70999908447266,15.649999618530273
364.0,158.0,81.70999908447266,15.649999618530273
358.0,163.0,81.70999908447266,15.649999618530273
370.0,172.0,81.70999908447266,15.649999618530273
371.0,167.0,81.70999908447266,15.649999618530273
362.0,159.0,81.70999908447266,15.649999618530273
372.0,170.0,81.70999908447266,15.649999618530273
359.0,178.0,81.70999908447266,15.649999618530273
373.0,171.0,81.70999908447266,15.649999618530273
372.0,169.0,81.70999908447266,15.649999618530273
374.0,169.0,81.70999908447266,15.649999618530273
365.0,158.0,81.70999908447266,15.649999618530273
362.0,162.0,81.70999908447266,15.649999618530273
375.0,165.0,81.70999908447266,15.649999618530273
373.0,166.0,81.70999908447266,15.649999618530273
374.0,169.0,81.70999908447266,15.649999618530273
375.0,166.0,81.70999908447266,15.649999618530273
373.0,163.0,81.70999908447266,15.649999618530273
360.0,171.0,81.70999908447266,15.649999618530273
362.0,165.0,81.70999908447266,15.649999618530273
382.0,157.0,81.70999908447266,15.649999618530273
373.0,165.0,81.70999908447266,15.649999618530273
379.0,157.0,81.70999908447266,15.649999618530273
366.0,157.0,81.70999908447266,15.649999618530273
362.0,163.0,81.70999908447266,15.649999618530273
373.0,168.0,81.70999908447266,15.649999618530273
358.0,165.0,81.70999908447266,15.649999618530273
361.0,164.0,81.70999908447266,15.649999618530273
374.0,162.0,81.70999908447266,15.649999618530273
370.0,172.0,81.70999908447266,15.649999618530273
359.0,166.0,81.70999908447266,15.649999618530273
359.0,166.0,81.70999908447266,15.649999618530273
372.0,167.0,81.70999908447266,15.649999618530273
358.0,162.0,81.70999908447266,15.649999618530273
368.0,175.0,81.70999908447266,15.649999618530273
358.0,164.0,81.70999908447266,15.649999618530273
372.0,167.0,81.70999908447266,15.649999618530273
362.0,158.0,81.70999908447266,15.649999618530273
374.0,165.0,81.70999908447266,15.649999618530273
376.0,163.0,81.70999908447266,15.649999618530273
370.0,166.0,81.70999908447266,15.649999618530273
370.0,172.0,81.70999908447266,15.649999618530273
362.0,159.0,81.70999908447266,15.649999618530273
378.0,166.0,81.70999908447266,15.649999618530273
373.0,170.0,81.70999908447266,15.649999618530273
372.0,171.0,81.70999908447266,15.649999618530273
374.0,165.0,81.70999908447266,15.649999618530273
373.0,164.0,81.70999908447266,15.649999618530273
373.0,167.0,81.70999908447266,15.649999618530273
374.0,165.0,81.70999908447266,15.649999618530273
363.0,158.0,81.70999908447266,15.649999618530273
369.0,166.0,81.70999908447266,15.649999618530273
375.0,166.0,81.70999908447266,15.649999618530273
371.0,159.0,81.70999908447266,15.649999618530273
362.0,163.0,81.70999908447266,15.649999618530273
374.0,165.0,81.70999908447266,15.649999618530273
367.0,164.0,81.70999908447266,15.649999618530273
358.0,170.0,81.70999908447266,15.649999618530273
372.0,165.0,81.70999908447266,15.649999618530273
372.0,172.0,81.70999908447266,15.649999618530273
363.0,162.0,81.70999908447266,15.649999618530273
372.0,164.0,81.70999908447266,15.649999618530273
374.0,165.0,81.70999908447266,15.649999618530273
375.0,165.0,81.70999908447266,15.649999618530273
372.0,165.0,81.70999908447266,15.649999618530273
357.0,174.0,81.70999908447266,15.649999618530273
358.0,166.0,81.70999908447266,15.649999618530273
371.0,165.0,81.70999908447266,15.649999618530273
358.0,164.0,81.70999908447266,15.649999618530273
359.0,165.0,81.70999908447266,15.649999618530273
359.0,169.0,81.70999908447266,15.649999618530273
373.0,165.0,81.70999908447266,15.649999618530273
373.0,166.0,81.70999908447266,15.649999618530273
366.0,164.0,81.70999908447266,15.649999618530273
360.0,155.0,81.70999908447266,15.649999618530273
356.0,170.0,81.70999908447266,15.649999618530273
370.0,168.0,81.70999908447266,15.649999618530273
359.0,170.0,81.70999908447266,15.649999618530273
370.0,170.0,81.70999908447266,15.649999618530273
357.0,170.0,81.70999908447266,15.649999618530273
363.0,159.0,81.70999908447266,15.649999618530273
359.0,163.0,81.70999908447266,15.649999618530273
375.0,162.0,81.70999908447266,15.649999618530273
377.0,158.0,81.70999908447266,15.649999618530273
373.0,164.0,81.70999908447266,15.649999618530273
361.0,161.0,81.70999908447266,15.649999618530273
363.0,158.0,81.70999908447266,15.649999618530273
372.0,171.0,81.70999908447266,15.649999618530273
371.0,175.0,81.70999908447266,15.649999618530273
372.0,163.0,81.70999908447266,15.649999618530273
374.0,165.0,81.70999908447266,15.649999618530273
371.0,165.0,81.70999908447266,15.649999618530273
372.0,170.0,81.70999908447266,15.649999618530273
376.0,161.0,81.70999908447266,15.649999618530273
373.0,164.0,81.70999908447266,15.649999618530273
378.0,163.0,81.70999908447266,15.649999618530273
372.0,168.0,81.70999908447266,15.649999618530273
362.0,157.0,81.70999908447266,15.649999618530273
372.0,169.0,81.70999908447266,15.649999618530273
361.0,159.0,81.70999908447266,15.649999618530273
362.0,162.0,81.70999908447266,15.649999618530273
372.0,164.0,81.70999908447266,15.649999618530273
364.0,157.0,81.70999908447266,15.649999618530273
362.0,158.0,81.70999908447266,15.649999618530273
373.0,165.0,81.70999908447266,15.649999618530273
371.0,170.0,81.70999908447266,15.649999618530273
368.0,178.0,81.70999908447266,15.649999618530273
371.0,166.0,81.70999908447266,15.649999618530273
372.0,170.0,81.70999908447266,15.649999618530273
357.0,168.0,81.70999908447266,15.649999618530273
362.0,161.0,81.70999908447266,15.649999618530273
370.0,165.0,81.70999908447266,15.649999618530273
371.0,166.0,81.70999908447266,15.649999618530273
370.0,172.0,81.70999908447266,15.649999618530273
364.0,161.0,81.70999908447266,15.649999618530273
374.0,165.0,81.70999908447266,15.649999618530273
367.0,157.0,81.70999908447266,15.649999618530273
364.0,157.0,81.70999908447266,15.649999618530273
359.0,164.0,81.70999908447266,15.649999618530273
357.0,155.0,81.70999908447266,15.649999618530273
375.0,158.0,81.70999908447266,15.649999618530273
377.0,158.0,81.70999908447266,15.649999618530273
375.0,162.0,81.70999908447266,15.649999618530273
371.0,165.0,81.70999908447266,15.649999618530273
359.0,165.0,81.70999908447266,15.649999618530273
360.0,164.0,81.70999908447266,15.649999618530273
360.0,164.0,81.70999908447266,15.649999618530273
359.0,167.0,81.70999908447266,15.649999618530273
356.0,172.0,81.70999908447266,15.649999618530273
359.0,166.0,81.70999908447266,15.649999618530273
358.0,171.0,81.70999908447266,15.649999618530273
357.0,170.0,81.70999908447266,15.649999618530273
357.0,172.0,81.70999908447266,15.649999618530273
356.0,168.0,81.70999908447266,15.649999618530273
358.0,171.0,81.70999908447266,15.649999618530273
355.0,182.0,81.70999908447266,15.649999618530273
358.0,164.0,81.70999908447266,15.649999618530273
372.0,164.0,81.70999908447266,15.649999618530273
354.0,165.0,81.70999908447266,15.649999618530273
357.0,170.0,81.70999908447266,15.649999618530273
376.0,163.0,81.70999908447266,15.649999618530273
363.0,164.0,81.70999908447266,15.649999618530273
357.0,165.0,81.70999908447266,15.649999618530273
357.0,161.0,81.70999908447266,15.649999618530273
380.0,165.0,81.70999908447266,15.649999618530273
378.0,158.0,81.70999908447266,15.649999618530273
373.0,165.0,81.70999908447266,15.649999618530273
373.0,165.0,81.70999908447266,15.649999618530273
362.0,164.0,81.70999908447266,15.649999618530273
367.0,165.0,81.70999908447266,15.649999618530273
372.0,164.0,81.70999908447266,15.649999618530273
372.0,167.0,81.70999908447266,15.649999618530273
370.0,170.0,81.70999908447266,15.649999618530273
370.0,166.0,81.70999908447266,15.649999618530273
358.0,157.0,81.70999908447266,15.649999618530273
357.0,165.0,81.70999908447266,15.649999618530273
374.0,162.0,81.70999908447266,15.649999618530273
360.0,158.0,81.70999908447266,15.649999618530273
355.0,174.0,81.70999908447266,15.649999618530273
361.0,159.0,81.70999908447266,15.649999618530273
362.0,158.0,81.70999908447266,15.649999618530273
372.0,169.0,81.70999908447266,15.649999618530273
359.0,165.0,81.70999908447266,15.649999618530273
360.0,163.0,81.70999908447266,15.649999618530273
365.0,159.0,81.70999908447266,15.649999618530273
372.0,164.0,81.70999908447266,15.649999618530273
364.0,158.0,81.70999908447266,15.649999618530273
360.0,158.0,81.70999908447266,15.649999618530273
363.0,164.0,81.70999908447266,15.649999618530273
362.0,159.0,81.70999908447266,15.649999618530273
370.0,168.0,81.70999908447266,15.649999618530273
362.0,157.0,81.70999908447266,15.649999618530273
372.0,166.0,81.70999908447266,15.649999618530273
376.0,161.0,81.70999908447266,15.649999618530273
357.0,169.0,81.70999908447266,15.649999618530273
362.0,159.0,81.70999908447266,15.649999618530273
