1
329.0,162.0,38.11000061035156,50.880001068115234
327.0,161.0,38.11000061035156,50.880001068115234
324.0,160.0,38.11000061035156,50.880001068115234
320.0,160.0,38.11000061035156,50.880001068115234
310.0,160.0,38.11000061035156,50.880001068115234
305.0,159.0,38.11000061035156,50.880001068115234
302.0,159.0,38.11000061035156,50.880001068115234
296.0,159.0,38.11000061035156,50.880001068115234
2
0
0
0
0
1
325.0,167.0,29.770000457763672,68.3499984741211
319.0,170.0,29.770000457763672,68.3499984741211
317.0,171.0,29.770000457763672,68.3499984741211
316.0,174.0,29.770000457763672,68.3499984741211
317.0,179.0,29.770000457763672,68.3499984741211
320.0,180.0,29.770000457763672,68.3499984741211
330.0,164.0,29.770000457763672,68.3499984741211
329.0,166.0,29.770000457763672,68.3499984741211
324.0,164.0,29.770000457763672,68.3499984741211
327.0,160.0,29.770000457763672,68.3499984741211
327.0,160.0,29.770000457763672,68.3499984741211
327.0,163.0,29.770000457763672,68.3499984741211
322.0,161.0,29.770000457763672,68.3499984741211
315.0,169.0,29.770000457763672,68.3499984741211
318.0,158.0,29.770000457763672,68.3499984741211
323.0,160.0,29.770000457763672,68.3499984741211
332.0,156.0,29.770000457763672,68.3499984741211
329.0,157.0,29.770000457763672,68.3499984741211
327.0,156.0,29.770000457763672,68.3499984741211
330.0,156.0,29.770000457763672,68.3499984741211
330.0,155.0,29.770000457763672,68.3499984741211
330.0,159.0,29.770000457763672,68.3499984741211
326.0,159.0,29.770000457763672,68.3499984741211
324.0,158.0,29.770000457763672,68.3499984741211
320.0,164.0,29.770000457763672,68.3499984741211
320.0,166.0,29.770000457763672,68.3499984741211
327.0,157.0,29.770000457763672,68.3499984741211
331.0,155.0,29.770000457763672,68.3499984741211
332.0,156.0,29.770000457763672,68.3499984741211
330.0,150.0,29.770000457763672,68.3499984741211
331.0,152.0,29.770000457763672,68.3499984741211
331.0,154.0,29.770000457763672,68.3499984741211
330.0,158.0,29.770000457763672,68.3499984741211
329.0,159.0,29.770000457763672,68.3499984741211
325.0,177.0,29.770000457763672,68.3499984741211
329.0,178.0,29.770000457763672,68.3499984741211
324.0,157.0,29.770000457763672,68.3499984741211
332.0,159.0,29.770000457763672,68.3499984741211
334.0,156.0,29.770000457763672,68.3499984741211
336.0,154.0,29.770000457763672,68.3499984741211
335.0,154.0,29.770000457763672,68.3499984741211
336.0,155.0,29.770000457763672,68.3499984741211
336.0,157.0,29.770000457763672,68.3499984741211
336.0,160.0,29.770000457763672,68.3499984741211
328.0,177.0,29.770000457763672,68.3499984741211
323.0,166.0,29.770000457763672,68.3499984741211
325.0,159.0,29.770000457763672,68.3499984741211
333.0,152.0,29.770000457763672,68.3499984741211
333.0,154.0,29.770000457763672,68.3499984741211
328.0,158.0,29.770000457763672,68.3499984741211
328.0,151.0,29.770000457763672,68.3499984741211
326.0,154.0,29.770000457763672,68.3499984741211
324.0,152.0,29.770000457763672,68.3499984741211
323.0,159.0,29.770000457763672,68.3499984741211
318.0,158.0,29.770000457763672,68.3499984741211
318.0,178.0,29.770000457763672,68.3499984741211
318.0,152.0,29.770000457763672,68.3499984741211
313.0,177.0,29.770000457763672,68.3499984741211
322.0,153.0,29.770000457763672,68.3499984741211
322.0,160.0,29.770000457763672,68.3499984741211
297.0,138.0,29.770000457763672,68.3499984741211
298.0,135.0,29.770000457763672,68.3499984741211
322.0,154.0,29.770000457763672,68.3499984741211
321.0,157.0,29.770000457763672,68.3499984741211
318.0,164.0,29.770000457763672,68.3499984741211
317.0,164.0,29.770000457763672,68.3499984741211
321.0,180.0,29.770000457763672,68.3499984741211
315.0,159.0,29.770000457763672,68.3499984741211
322.0,156.0,29.770000457763672,68.3499984741211
323.0,156.0,29.770000457763672,68.3499984741211
324.0,155.0,29.770000457763672,68.3499984741211
298.0,137.0,29.770000457763672,68.3499984741211
2
0
0
0
0
1
334.0,150.0,27.799999237060547,69.93000030517578
333.0,149.0,27.799999237060547,69.93000030517578
308.0,125.0,27.799999237060547,69.93000030517578
2
0
0
0
0
1
336.0,144.0,34.310001373291016,72.86000061035156
334.0,143.0,34.310001373291016,72.86000061035156
336.0,143.0,34.310001373291016,72.86000061035156
335.0,143.0,34.310001373291016,72.86000061035156
335.0,143.0,34.310001373291016,72.86000061035156
335.0,143.0,34.310001373291016,72.86000061035156
342.0,145.0,34.310001373291016,72.86000061035156
342.0,145.0,34.310001373291016,72.86000061035156
340.0,145.0,34.310001373291016,72.86000061035156
345.0,146.0,34.310001373291016,72.86000061035156
348.0,147.0,34.310001373291016,72.86000061035156
350.0,147.0,34.310001373291016,72.86000061035156
352.0,148.0,34.310001373291016,72.86000061035156
350.0,147.0,34.310001373291016,72.86000061035156
328.0,123.0,34.310001373291016,72.86000061035156
2
0
0
0
0
1
364.0,144.0,35.220001220703125,82.81999969482422
363.0,144.0,35.220001220703125,82.81999969482422
363.0,144.0,35.220001220703125,82.81999969482422
361.0,144.0,35.220001220703125,82.81999969482422
370.0,144.0,35.220001220703125,82.81999969482422
368.0,141.0,35.220001220703125,82.81999969482422
362.0,145.0,35.220001220703125,82.81999969482422
368.0,143.0,35.220001220703125,82.81999969482422
369.0,145.0,35.220001220703125,82.81999969482422
371.0,146.0,35.220001220703125,82.81999969482422
376.0,150.0,35.220001220703125,82.81999969482422
379.0,150.0,35.220001220703125,82.81999969482422
378.0,151.0,35.220001220703125,82.81999969482422
369.0,169.0,35.220001220703125,82.81999969482422
386.0,153.0,35.220001220703125,82.81999969482422
389.0,154.0,35.220001220703125,82.81999969482422
388.0,154.0,35.220001220703125,82.81999969482422
389.0,153.0,35.220001220703125,82.81999969482422
389.0,153.0,35.220001220703125,82.81999969482422
392.0,156.0,35.220001220703125,82.81999969482422
392.0,156.0,35.220001220703125,82.81999969482422
394.0,158.0,35.220001220703125,82.81999969482422
397.0,159.0,35.220001220703125,82.81999969482422
399.0,159.0,35.220001220703125,82.81999969482422
379.0,159.0,35.220001220703125,82.81999969482422
2
0
0
0
0
1
410.0,162.0,30.739999771118164,96.01000213623047
410.0,162.0,30.739999771118164,96.01000213623047
411.0,162.0,30.739999771118164,96.01000213623047
411.0,162.0,30.739999771118164,96.01000213623047
411.0,162.0,30.739999771118164,96.01000213623047
411.0,162.0,30.739999771118164,96.01000213623047
413.0,163.0,30.739999771118164,96.01000213623047
413.0,163.0,30.739999771118164,96.01000213623047
413.0,163.0,30.739999771118164,96.01000213623047
415.0,164.0,30.739999771118164,96.01000213623047
419.0,165.0,30.739999771118164,96.01000213623047
421.0,165.0,30.739999771118164,96.01000213623047
422.0,185.0,30.739999771118164,96.01000213623047
426.0,185.0,30.739999771118164,96.01000213623047
434.0,185.0,30.739999771118164,96.01000213623047
441.0,185.0,30.739999771118164,96.01000213623047
445.0,185.0,30.739999771118164,96.01000213623047
451.0,165.0,30.739999771118164,96.01000213623047
454.0,164.0,30.739999771118164,96.01000213623047
457.0,183.0,30.739999771118164,96.01000213623047
457.0,182.0,30.739999771118164,96.01000213623047
461.0,161.0,30.739999771118164,96.01000213623047
457.0,177.0,30.739999771118164,96.01000213623047
462.0,176.0,30.739999771118164,96.01000213623047
462.0,175.0,30.739999771118164,96.01000213623047
459.0,173.0,30.739999771118164,96.01000213623047
463.0,173.0,30.739999771118164,96.01000213623047
462.0,173.0,30.739999771118164,96.01000213623047
467.0,154.0,30.739999771118164,96.01000213623047
443.0,135.0,30.739999771118164,96.01000213623047
468.0,156.0,30.739999771118164,96.01000213623047
469.0,158.0,30.739999771118164,96.01000213623047
471.0,159.0,30.739999771118164,96.01000213623047
471.0,160.0,30.739999771118164,96.01000213623047
489.0,145.0,30.739999771118164,96.01000213623047
2
0
0
0
0
1
458.0,163.0,25.93000030517578,62.040000915527344
458.0,163.0,25.93000030517578,62.040000915527344
456.0,162.0,25.93000030517578,62.040000915527344
455.0,162.0,25.93000030517578,62.040000915527344
457.0,161.0,25.93000030517578,62.040000915527344
455.0,160.0,25.93000030517578,62.040000915527344
455.0,160.0,25.93000030517578,62.040000915527344
455.0,159.0,25.93000030517578,62.040000915527344
459.0,158.0,25.93000030517578,62.040000915527344
458.0,157.0,25.93000030517578,62.040000915527344
457.0,155.0,25.93000030517578,62.040000915527344
457.0,155.0,25.93000030517578,62.040000915527344
457.0,153.0,25.93000030517578,62.040000915527344
455.0,151.0,25.93000030517578,62.040000915527344
456.0,154.0,25.93000030517578,62.040000915527344
453.0,151.0,25.93000030517578,62.040000915527344
453.0,151.0,25.93000030517578,62.040000915527344
449.0,151.0,25.93000030517578,62.040000915527344
449.0,151.0,25.93000030517578,62.040000915527344
451.0,157.0,25.93000030517578,62.040000915527344
453.0,151.0,25.93000030517578,62.040000915527344
452.0,148.0,25.93000030517578,62.040000915527344
451.0,147.0,25.93000030517578,62.040000915527344
449.0,149.0,25.93000030517578,62.040000915527344
449.0,150.0,25.93000030517578,62.040000915527344
435.0,176.0,25.93000030517578,62.040000915527344
446.0,181.0,25.93000030517578,62.040000915527344
439.0,181.0,25.93000030517578,62.040000915527344
449.0,163.0,25.93000030517578,62.040000915527344
459.0,143.0,25.93000030517578,62.040000915527344
456.0,148.0,25.93000030517578,62.040000915527344
455.0,148.0,25.93000030517578,62.040000915527344
453.0,142.0,25.93000030517578,62.040000915527344
434.0,118.0,25.93000030517578,62.040000915527344
2
0
0
0
0
1
466.0,140.0,32.11000061035156,67.94000244140625
471.0,139.0,32.11000061035156,67.94000244140625
476.0,138.0,32.11000061035156,67.94000244140625
482.0,140.0,32.11000061035156,67.94000244140625
496.0,133.0,32.11000061035156,67.94000244140625
502.0,131.0,32.11000061035156,67.94000244140625
505.0,130.0,32.11000061035156,67.94000244140625
510.0,128.0,32.11000061035156,67.94000244140625
519.0,128.0,32.11000061035156,67.94000244140625
525.0,128.0,32.11000061035156,67.94000244140625
528.0,127.0,32.11000061035156,67.94000244140625
532.0,124.0,32.11000061035156,67.94000244140625
535.0,122.0,32.11000061035156,67.94000244140625
535.0,121.0,32.11000061035156,67.94000244140625
535.0,121.0,32.11000061035156,67.94000244140625
534.0,121.0,32.11000061035156,67.94000244140625
534.0,119.0,32.11000061035156,67.94000244140625
532.0,117.0,32.11000061035156,67.94000244140625
530.0,117.0,32.11000061035156,67.94000244140625
529.0,117.0,32.11000061035156,67.94000244140625
528.0,120.0,32.11000061035156,67.94000244140625
524.0,119.0,32.11000061035156,67.94000244140625
522.0,118.0,32.11000061035156,67.94000244140625
520.0,117.0,32.11000061035156,67.94000244140625
518.0,118.0,32.11000061035156,67.94000244140625
516.0,119.0,32.11000061035156,67.94000244140625
514.0,119.0,32.11000061035156,67.94000244140625
510.0,117.0,32.11000061035156,67.94000244140625
508.0,116.0,32.11000061035156,67.94000244140625
507.0,115.0,32.11000061035156,67.94000244140625
505.0,113.0,32.11000061035156,67.94000244140625
501.0,111.0,32.11000061035156,67.94000244140625
500.0,111.0,32.11000061035156,67.94000244140625
499.0,111.0,32.11000061035156,67.94000244140625
498.0,109.0,32.11000061035156,67.94000244140625
494.0,104.0,32.11000061035156,67.94000244140625
492.0,101.0,32.11000061035156,67.94000244140625
491.0,101.0,32.11000061035156,67.94000244140625
488.0,99.0,32.11000061035156,67.94000244140625
487.0,97.0,32.11000061035156,67.94000244140625
486.0,94.0,32.11000061035156,67.94000244140625
486.0,92.0,32.11000061035156,67.94000244140625
486.0,90.0,32.11000061035156,67.94000244140625
484.0,89.0,32.11000061035156,67.94000244140625
484.0,90.0,32.11000061035156,67.94000244140625
486.0,91.0,32.11000061035156,67.94000244140625
486.0,88.0,32.11000061035156,67.94000244140625
487.0,88.0,32.11000061035156,67.94000244140625
487.0,86.0,32.11000061035156,67.94000244140625
487.0,85.0,32.11000061035156,67.94000244140625
489.0,86.0,32.11000061035156,67.94000244140625
490.0,86.0,32.11000061035156,67.94000244140625
491.0,85.0,32.11000061035156,67.94000244140625
492.0,84.0,32.11000061035156,67.94000244140625
494.0,81.0,32.11000061035156,67.94000244140625
492.0,80.0,32.11000061035156,67.94000244140625
492.0,79.0,32.11000061035156,67.94000244140625
492.0,81.0,32.11000061035156,67.94000244140625
492.0,82.0,32.11000061035156,67.94000244140625
491.0,82.0,32.11000061035156,67.94000244140625
491.0,83.0,32.11000061035156,67.94000244140625
488.0,82.0,32.11000061035156,67.94000244140625
486.0,83.0,32.11000061035156,67.94000244140625
484.0,85.0,32.11000061035156,67.94000244140625
482.0,85.0,32.11000061035156,67.94000244140625
478.0,83.0,32.11000061035156,67.94000244140625
475.0,84.0,32.11000061035156,67.94000244140625
471.0,84.0,32.11000061035156,67.94000244140625
466.0,83.0,32.11000061035156,67.94000244140625
460.0,85.0,32.11000061035156,67.94000244140625
456.0,89.0,32.11000061035156,67.94000244140625
454.0,89.0,32.11000061035156,67.94000244140625
450.0,90.0,32.11000061035156,67.94000244140625
442.0,90.0,32.11000061035156,67.94000244140625
440.0,90.0,32.11000061035156,67.94000244140625
439.0,91.0,32.11000061035156,67.94000244140625
438.0,93.0,32.11000061035156,67.94000244140625
436.0,93.0,32.11000061035156,67.94000244140625
433.0,93.0,32.11000061035156,67.94000244140625
432.0,93.0,32.11000061035156,67.94000244140625
431.0,93.0,32.11000061035156,67.94000244140625
430.0,92.0,32.11000061035156,67.94000244140625
430.0,91.0,32.11000061035156,67.94000244140625
430.0,92.0,32.11000061035156,67.94000244140625
430.0,94.0,32.11000061035156,67.94000244140625
430.0,95.0,32.11000061035156,67.94000244140625
430.0,93.0,32.11000061035156,67.94000244140625
429.0,94.0,32.11000061035156,67.94000244140625
453.0,71.0,32.11000061035156,67.94000244140625
2
0
0
0
0
1
413.0,96.0,45.97999954223633,65.41000366210938
411.0,101.0,45.97999954223633,65.41000366210938
409.0,103.0,45.97999954223633,65.41000366210938
409.0,104.0,45.97999954223633,65.41000366210938
409.0,110.0,45.97999954223633,65.41000366210938
409.0,112.0,45.97999954223633,65.41000366210938
409.0,113.0,45.97999954223633,65.41000366210938
409.0,115.0,45.97999954223633,65.41000366210938
409.0,121.0,45.97999954223633,65.41000366210938
409.0,123.0,45.97999954223633,65.41000366210938
409.0,127.0,45.97999954223633,65.41000366210938
409.0,129.0,45.97999954223633,65.41000366210938
409.0,130.0,45.97999954223633,65.41000366210938
409.0,132.0,45.97999954223633,65.41000366210938
408.0,135.0,45.97999954223633,65.41000366210938
408.0,139.0,45.97999954223633,65.41000366210938
407.0,140.0,45.97999954223633,65.41000366210938
2
0
0
