1
34.0,60.0,69.48200225830078,84.46399688720703
38.0,66.0,69.48200225830078,84.46399688720703
42.0,71.0,69.48200225830078,84.46399688720703
49.0,75.0,69.48200225830078,84.46399688720703
60.0,76.0,69.48200225830078,84.46399688720703
70.0,76.0,69.48200225830078,84.46399688720703
76.0,76.0,69.48200225830078,84.46399688720703
90.0,85.0,69.48200225830078,84.46399688720703
98.0,88.0,69.48200225830078,84.46399688720703
107.0,89.0,69.48200225830078,84.46399688720703
116.0,90.0,69.48200225830078,84.46399688720703
120.0,84.0,69.48200225830078,84.46399688720703
123.0,79.0,69.48200225830078,84.46399688720703
128.0,75.0,69.48200225830078,84.46399688720703
133.0,71.0,69.48200225830078,84.46399688720703
141.0,69.0,69.48200225830078,84.46399688720703
150.0,68.0,69.48200225830078,84.46399688720703
159.0,71.0,69.48200225830078,84.46399688720703
173.0,70.0,69.48200225830078,84.46399688720703
190.0,71.0,69.48200225830078,84.46399688720703
205.0,71.0,69.48200225830078,84.46399688720703
222.0,70.0,69.48200225830078,84.46399688720703
238.0,70.0,69.48200225830078,84.46399688720703
255.0,69.0,69.48200225830078,84.46399688720703
268.0,69.0,69.48200225830078,84.46399688720703
280.0,69.0,69.48200225830078,84.46399688720703
284.0,55.0,69.48200225830078,84.46399688720703
288.0,54.0,69.48200225830078,84.46399688720703
289.0,54.0,69.48200225830078,84.46399688720703
284.0,65.0,69.48200225830078,84.46399688720703
275.0,65.0,69.48200225830078,84.46399688720703
258.0,65.0,69.48200225830078,84.46399688720703
247.0,63.0,69.48200225830078,84.46399688720703
255.0,65.0,69.48200225830078,84.46399688720703
229.0,70.0,69.48200225830078,84.46399688720703
203.0,68.0,69.48200225830078,84.46399688720703
196.0,72.0,69.48200225830078,84.46399688720703
192.0,78.0,69.48200225830078,84.46399688720703
181.0,78.0,69.48200225830078,84.46399688720703
166.0,92.0,69.48200225830078,84.46399688720703
156.0,92.0,69.48200225830078,84.46399688720703
133.0,73.0,69.48200225830078,84.46399688720703
117.0,54.0,69.48200225830078,84.46399688720703
118.0,78.0,69.48200225830078,84.46399688720703
122.0,86.0,69.48200225830078,84.46399688720703
118.0,86.0,69.48200225830078,84.46399688720703
115.0,86.0,69.48200225830078,84.46399688720703
113.0,84.0,69.48200225830078,84.46399688720703
114.0,82.0,69.48200225830078,84.46399688720703
116.0,80.0,69.48200225830078,84.46399688720703
120.0,80.0,69.48200225830078,84.46399688720703
128.0,81.0,69.48200225830078,84.46399688720703
138.0,83.0,69.48200225830078,84.46399688720703
157.0,85.0,69.48200225830078,84.46399688720703
170.0,83.0,69.48200225830078,84.46399688720703
185.0,80.0,69.48200225830078,84.46399688720703
203.0,78.0,69.48200225830078,84.46399688720703
222.0,79.0,69.48200225830078,84.46399688720703
239.0,78.0,69.48200225830078,84.46399688720703
256.0,77.0,69.48200225830078,84.46399688720703
269.0,74.0,69.48200225830078,84.46399688720703
283.0,70.0,69.48200225830078,84.46399688720703
293.0,66.0,69.48200225830078,84.46399688720703
302.0,62.0,69.48200225830078,84.46399688720703
305.0,60.0,69.48200225830078,84.46399688720703
305.0,58.0,69.48200225830078,84.46399688720703
303.0,58.0,69.48200225830078,84.46399688720703
293.0,61.0,69.48200225830078,84.46399688720703
278.0,66.0,69.48200225830078,84.46399688720703
256.0,73.0,69.48200225830078,84.46399688720703
261.0,85.0,69.48200225830078,84.46399688720703
237.0,85.0,69.48200225830078,84.46399688720703
221.0,86.0,69.48200225830078,84.46399688720703
197.0,88.0,69.48200225830078,84.46399688720703
171.0,91.0,69.48200225830078,84.46399688720703
152.0,86.0,69.48200225830078,84.46399688720703
177.0,69.0,69.48200225830078,84.46399688720703
189.0,72.0,69.48200225830078,84.46399688720703
189.0,72.0,69.48200225830078,84.46399688720703
189.0,72.0,69.48200225830078,84.46399688720703
187.0,72.0,69.48200225830078,84.46399688720703
181.0,76.0,69.48200225830078,84.46399688720703
180.0,77.0,69.48200225830078,84.46399688720703
194.0,79.0,69.48200225830078,84.46399688720703
194.0,79.0,69.48200225830078,84.46399688720703
194.0,79.0,69.48200225830078,84.46399688720703
194.0,78.0,69.48200225830078,84.46399688720703
194.0,78.0,69.48200225830078,84.46399688720703
194.0,78.0,69.48200225830078,84.46399688720703
194.0,78.0,69.48200225830078,84.46399688720703
194.0,79.0,69.48200225830078,84.46399688720703
194.0,79.0,69.48200225830078,84.46399688720703
194.0,79.0,69.48200225830078,84.46399688720703
194.0,79.0,69.48200225830078,84.46399688720703
194.0,79.0,69.48200225830078,84.46399688720703
194.0,79.0,69.48200225830078,84.46399688720703
194.0,79.0,69.48200225830078,84.46399688720703
180.0,77.0,69.48200225830078,84.46399688720703
180.0,77.0,69.48200225830078,84.46399688720703
181.0,76.0,69.48200225830078,84.46399688720703
186.0,73.0,69.48200225830078,84.46399688720703
194.0,78.0,69.48200225830078,84.46399688720703
208.0,72.0,69.48200225830078,84.46399688720703
226.0,86.0,69.48200225830078,84.46399688720703
224.0,94.0,69.48200225830078,84.46399688720703
201.0,107.0,69.48200225830078,84.46399688720703
223.0,108.0,69.48200225830078,84.46399688720703
248.0,109.0,69.48200225830078,84.46399688720703
272.0,109.0,69.48200225830078,84.46399688720703
295.0,108.0,69.48200225830078,84.46399688720703
316.0,109.0,69.48200225830078,84.46399688720703
334.0,103.0,69.48200225830078,84.46399688720703
346.0,99.0,69.48200225830078,84.46399688720703
351.0,99.0,69.48200225830078,84.46399688720703
354.0,92.0,69.48200225830078,84.46399688720703
352.0,89.0,69.48200225830078,84.46399688720703
369.0,92.0,69.48200225830078,84.46399688720703
358.0,85.0,69.48200225830078,84.46399688720703
345.0,79.0,69.48200225830078,84.46399688720703
370.0,80.0,69.48200225830078,84.46399688720703
368.0,90.0,69.48200225830078,84.46399688720703
358.0,99.0,69.48200225830078,84.46399688720703
358.0,99.0,69.48200225830078,84.46399688720703
357.0,100.0,69.48200225830078,84.46399688720703
335.0,98.0,69.48200225830078,84.46399688720703
334.0,98.0,69.48200225830078,84.46399688720703
334.0,98.0,69.48200225830078,84.46399688720703
321.0,110.0,69.48200225830078,84.46399688720703
319.0,110.0,69.48200225830078,84.46399688720703
316.0,111.0,69.48200225830078,84.46399688720703
306.0,110.0,69.48200225830078,84.46399688720703
294.0,111.0,69.48200225830078,84.46399688720703
295.0,110.0,69.48200225830078,84.46399688720703
294.0,109.0,69.48200225830078,84.46399688720703
297.0,109.0,69.48200225830078,84.46399688720703
297.0,109.0,69.48200225830078,84.46399688720703
301.0,109.0,69.48200225830078,84.46399688720703
301.0,109.0,69.48200225830078,84.46399688720703
302.0,103.0,69.48200225830078,84.46399688720703
290.0,109.0,69.48200225830078,84.46399688720703
294.0,109.0,69.48200225830078,84.46399688720703
294.0,109.0,69.48200225830078,84.46399688720703
297.0,108.0,69.48200225830078,84.46399688720703
294.0,109.0,69.48200225830078,84.46399688720703
292.0,109.0,69.48200225830078,84.46399688720703
293.0,108.0,69.48200225830078,84.46399688720703
300.0,109.0,69.48200225830078,84.46399688720703
299.0,109.0,69.48200225830078,84.46399688720703
297.0,109.0,69.48200225830078,84.46399688720703
297.0,109.0,69.48200225830078,84.46399688720703
294.0,109.0,69.48200225830078,84.46399688720703
302.0,110.0,69.48200225830078,84.46399688720703
278.0,90.0,69.48200225830078,84.46399688720703
276.0,82.0,69.48200225830078,84.46399688720703
290.0,79.0,69.48200225830078,84.46399688720703
296.0,75.0,69.48200225830078,84.46399688720703
304.0,68.0,69.48200225830078,84.46399688720703
304.0,50.0,69.48200225830078,84.46399688720703
305.0,49.0,69.48200225830078,84.46399688720703
303.0,49.0,69.48200225830078,84.46399688720703
296.0,54.0,69.48200225830078,84.46399688720703
292.0,66.0,69.48200225830078,84.46399688720703
284.0,82.0,69.48200225830078,84.46399688720703
296.0,103.0,69.48200225830078,84.46399688720703
290.0,108.0,69.48200225830078,84.46399688720703
287.0,108.0,69.48200225830078,84.46399688720703
274.0,103.0,69.48200225830078,84.46399688720703
262.0,95.0,69.48200225830078,84.46399688720703
244.0,86.0,69.48200225830078,84.46399688720703
234.0,75.0,69.48200225830078,84.46399688720703
210.0,77.0,69.48200225830078,84.46399688720703
196.0,78.0,69.48200225830078,84.46399688720703
179.0,67.0,69.48200225830078,84.46399688720703
183.0,67.0,69.48200225830078,84.46399688720703
179.0,69.0,69.48200225830078,84.46399688720703
173.0,74.0,69.48200225830078,84.46399688720703
186.0,66.0,69.48200225830078,84.46399688720703
211.0,44.0,69.48200225830078,84.46399688720703
227.0,55.0,69.48200225830078,84.46399688720703
233.0,70.0,69.48200225830078,84.46399688720703
232.0,70.0,69.48200225830078,84.46399688720703
209.0,44.0,69.48200225830078,84.46399688720703
191.0,53.0,69.48200225830078,84.46399688720703
205.0,79.0,69.48200225830078,84.46399688720703
193.0,92.0,69.48200225830078,84.46399688720703
202.0,86.0,69.48200225830078,84.46399688720703
205.0,79.0,69.48200225830078,84.46399688720703
207.0,78.0,69.48200225830078,84.46399688720703
216.0,72.0,69.48200225830078,84.46399688720703
220.0,69.0,69.48200225830078,84.46399688720703
218.0,68.0,69.48200225830078,84.46399688720703
198.0,43.0,69.48200225830078,84.46399688720703
222.0,69.0,69.48200225830078,84.46399688720703
230.0,69.0,69.48200225830078,84.46399688720703
234.0,69.0,69.48200225830078,84.46399688720703
234.0,69.0,69.48200225830078,84.46399688720703
233.0,71.0,69.48200225830078,84.46399688720703
232.0,73.0,69.48200225830078,84.46399688720703
235.0,74.0,69.48200225830078,84.46399688720703
236.0,74.0,69.48200225830078,84.46399688720703
250.0,75.0,69.48200225830078,84.46399688720703
275.0,76.0,69.48200225830078,84.46399688720703
297.0,89.0,69.48200225830078,84.46399688720703
303.0,86.0,69.48200225830078,84.46399688720703
328.0,74.0,69.48200225830078,84.46399688720703
353.0,100.0,69.48200225830078,84.46399688720703
357.0,100.0,69.48200225830078,84.46399688720703
343.0,103.0,69.48200225830078,84.46399688720703
329.0,99.0,69.48200225830078,84.46399688720703
318.0,110.0,69.48200225830078,84.46399688720703
314.0,110.0,69.48200225830078,84.46399688720703
301.0,109.0,69.48200225830078,84.46399688720703
301.0,109.0,69.48200225830078,84.46399688720703
297.0,109.0,69.48200225830078,84.46399688720703
296.0,109.0,69.48200225830078,84.46399688720703
297.0,96.0,69.48200225830078,84.46399688720703
297.0,96.0,69.48200225830078,84.46399688720703
297.0,96.0,69.48200225830078,84.46399688720703
297.0,96.0,69.48200225830078,84.46399688720703
297.0,96.0,69.48200225830078,84.46399688720703
297.0,96.0,69.48200225830078,84.46399688720703
297.0,96.0,69.48200225830078,84.46399688720703
297.0,96.0,69.48200225830078,84.46399688720703
292.0,96.0,69.48200225830078,84.46399688720703
293.0,109.0,69.48200225830078,84.46399688720703
297.0,109.0,69.48200225830078,84.46399688720703
303.0,110.0,69.48200225830078,84.46399688720703
306.0,110.0,69.48200225830078,84.46399688720703
306.0,110.0,69.48200225830078,84.46399688720703
305.0,110.0,69.48200225830078,84.46399688720703
297.0,109.0,69.48200225830078,84.46399688720703
296.0,109.0,69.48200225830078,84.46399688720703
301.0,109.0,69.48200225830078,84.46399688720703
301.0,109.0,69.48200225830078,84.46399688720703
301.0,109.0,69.48200225830078,84.46399688720703
300.0,109.0,69.48200225830078,84.46399688720703
300.0,109.0,69.48200225830078,84.46399688720703
300.0,109.0,69.48200225830078,84.46399688720703
300.0,109.0,69.48200225830078,84.46399688720703
300.0,109.0,69.48200225830078,84.46399688720703
300.0,109.0,69.48200225830078,84.46399688720703
297.0,109.0,69.48200225830078,84.46399688720703
300.0,109.0,69.48200225830078,84.46399688720703
304.0,109.0,69.48200225830078,84.46399688720703
307.0,109.0,69.48200225830078,84.46399688720703
308.0,109.0,69.48200225830078,84.46399688720703
308.0,109.0,69.48200225830078,84.46399688720703
306.0,110.0,69.48200225830078,84.46399688720703
295.0,109.0,69.48200225830078,84.46399688720703
294.0,110.0,69.48200225830078,84.46399688720703
296.0,109.0,69.48200225830078,84.46399688720703
294.0,110.0,69.48200225830078,84.46399688720703
293.0,122.0,69.48200225830078,84.46399688720703
296.0,109.0,69.48200225830078,84.46399688720703
296.0,109.0,69.48200225830078,84.46399688720703
296.0,109.0,69.48200225830078,84.46399688720703
297.0,109.0,69.48200225830078,84.46399688720703
300.0,109.0,69.48200225830078,84.46399688720703
298.0,109.0,69.48200225830078,84.46399688720703
301.0,109.0,69.48200225830078,84.46399688720703
302.0,109.0,69.48200225830078,84.46399688720703
296.0,109.0,69.48200225830078,84.46399688720703
298.0,98.0,69.48200225830078,84.46399688720703
300.0,109.0,69.48200225830078,84.46399688720703
298.0,98.0,69.48200225830078,84.46399688720703
301.0,109.0,69.48200225830078,84.46399688720703
300.0,109.0,69.48200225830078,84.46399688720703
300.0,109.0,69.48200225830078,84.46399688720703
300.0,109.0,69.48200225830078,84.46399688720703
302.0,109.0,69.48200225830078,84.46399688720703
302.0,109.0,69.48200225830078,84.46399688720703
294.0,110.0,69.48200225830078,84.46399688720703
293.0,121.0,69.48200225830078,84.46399688720703
291.0,120.0,69.48200225830078,84.46399688720703
301.0,109.0,69.48200225830078,84.46399688720703
299.0,109.0,69.48200225830078,84.46399688720703
301.0,109.0,69.48200225830078,84.46399688720703
301.0,109.0,69.48200225830078,84.46399688720703
301.0,109.0,69.48200225830078,84.46399688720703
301.0,109.0,69.48200225830078,84.46399688720703
301.0,109.0,69.48200225830078,84.46399688720703
293.0,97.0,69.48200225830078,84.46399688720703
296.0,109.0,69.48200225830078,84.46399688720703
292.0,109.0,69.48200225830078,84.46399688720703
305.0,110.0,69.48200225830078,84.46399688720703
320.0,111.0,69.48200225830078,84.46399688720703
335.0,98.0,69.48200225830078,84.46399688720703
357.0,100.0,69.48200225830078,84.46399688720703
358.0,100.0,69.48200225830078,84.46399688720703
357.0,99.0,69.48200225830078,84.46399688720703
339.0,98.0,69.48200225830078,84.46399688720703
335.0,98.0,69.48200225830078,84.46399688720703
334.0,99.0,69.48200225830078,84.46399688720703
329.0,99.0,69.48200225830078,84.46399688720703
333.0,99.0,69.48200225830078,84.46399688720703
334.0,99.0,69.48200225830078,84.46399688720703
335.0,99.0,69.48200225830078,84.46399688720703
334.0,99.0,69.48200225830078,84.46399688720703
326.0,99.0,69.48200225830078,84.46399688720703
316.0,109.0,69.48200225830078,84.46399688720703
308.0,110.0,69.48200225830078,84.46399688720703
304.0,110.0,69.48200225830078,84.46399688720703
293.0,109.0,69.48200225830078,84.46399688720703
302.0,109.0,69.48200225830078,84.46399688720703
291.0,110.0,69.48200225830078,84.46399688720703
303.0,110.0,69.48200225830078,84.46399688720703
294.0,109.0,69.48200225830078,84.46399688720703
289.0,103.0,69.48200225830078,84.46399688720703
285.0,103.0,69.48200225830078,84.46399688720703
310.0,110.0,69.48200225830078,84.46399688720703
317.0,111.0,69.48200225830078,84.46399688720703
308.0,110.0,69.48200225830078,84.46399688720703
290.0,110.0,69.48200225830078,84.46399688720703
297.0,109.0,69.48200225830078,84.46399688720703
301.0,109.0,69.48200225830078,84.46399688720703
296.0,109.0,69.48200225830078,84.46399688720703
300.0,109.0,69.48200225830078,84.46399688720703
291.0,110.0,69.48200225830078,84.46399688720703
316.0,111.0,69.48200225830078,84.46399688720703
325.0,98.0,69.48200225830078,84.46399688720703
346.0,77.0,69.48200225830078,84.46399688720703
347.0,66.0,69.48200225830078,84.46399688720703
368.0,68.0,69.48200225830078,84.46399688720703
368.0,68.0,69.48200225830078,84.46399688720703
368.0,68.0,69.48200225830078,84.46399688720703
368.0,68.0,69.48200225830078,84.46399688720703
368.0,68.0,69.48200225830078,84.46399688720703
368.0,68.0,69.48200225830078,84.46399688720703
368.0,68.0,69.48200225830078,84.46399688720703
368.0,68.0,69.48200225830078,84.46399688720703
368.0,68.0,69.48200225830078,84.46399688720703
368.0,68.0,69.48200225830078,84.46399688720703
368.0,68.0,69.48200225830078,84.46399688720703
368.0,68.0,69.48200225830078,84.46399688720703
368.0,68.0,69.48200225830078,84.46399688720703
368.0,68.0,69.48200225830078,84.46399688720703
368.0,68.0,69.48200225830078,84.46399688720703
368.0,68.0,69.48200225830078,84.46399688720703
368.0,68.0,69.48200225830078,84.46399688720703
368.0,68.0,69.48200225830078,84.46399688720703
368.0,67.0,69.48200225830078,84.46399688720703
342.0,90.0,69.48200225830078,84.46399688720703
338.0,71.0,69.48200225830078,84.46399688720703
312.0,62.0,69.48200225830078,84.46399688720703
286.0,69.0,69.48200225830078,84.46399688720703
267.0,67.0,69.48200225830078,84.46399688720703
292.0,93.0,69.48200225830078,84.46399688720703
291.0,97.0,69.48200225830078,84.46399688720703
300.0,109.0,69.48200225830078,84.46399688720703
294.0,110.0,69.48200225830078,84.46399688720703
293.0,123.0,69.48200225830078,84.46399688720703
298.0,97.0,69.48200225830078,84.46399688720703
297.0,96.0,69.48200225830078,84.46399688720703
297.0,96.0,69.48200225830078,84.46399688720703
295.0,122.0,69.48200225830078,84.46399688720703
296.0,110.0,69.48200225830078,84.46399688720703
296.0,109.0,69.48200225830078,84.46399688720703
295.0,123.0,69.48200225830078,84.46399688720703
297.0,97.0,69.48200225830078,84.46399688720703
297.0,96.0,69.48200225830078,84.46399688720703
297.0,96.0,69.48200225830078,84.46399688720703
297.0,96.0,69.48200225830078,84.46399688720703
296.0,96.0,69.48200225830078,84.46399688720703
296.0,96.0,69.48200225830078,84.46399688720703
