1
239.0,165.0,122.2300033569336,117.08000183105469
229.0,175.0,122.2300033569336,117.08000183105469
213.0,190.0,122.2300033569336,117.08000183105469
207.0,205.0,122.2300033569336,117.08000183105469
212.0,201.0,122.2300033569336,117.08000183105469
212.0,191.0,122.2300033569336,117.08000183105469
210.0,191.0,122.2300033569336,117.08000183105469
184.0,203.0,122.2300033569336,117.08000183105469
158.0,229.0,122.2300033569336,117.08000183105469
184.0,250.0,122.2300033569336,117.08000183105469
210.0,225.0,122.2300033569336,117.08000183105469
221.0,202.0,122.2300033569336,117.08000183105469
212.0,197.0,122.2300033569336,117.08000183105469
201.0,196.0,122.2300033569336,117.08000183105469
186.0,202.0,122.2300033569336,117.08000183105469
187.0,212.0,122.2300033569336,117.08000183105469
197.0,206.0,122.2300033569336,117.08000183105469
213.0,180.0,122.2300033569336,117.08000183105469
214.0,154.0,122.2300033569336,117.08000183105469
193.0,135.0,122.2300033569336,117.08000183105469
197.0,153.0,122.2300033569336,117.08000183105469
223.0,179.0,122.2300033569336,117.08000183105469
248.0,205.0,122.2300033569336,117.08000183105469
265.0,231.0,122.2300033569336,117.08000183105469
252.0,237.0,122.2300033569336,117.08000183105469
237.0,242.0,122.2300033569336,117.08000183105469
232.0,245.0,122.2300033569336,117.08000183105469
225.0,234.0,122.2300033569336,117.08000183105469
220.0,219.0,122.2300033569336,117.08000183105469
219.0,210.0,122.2300033569336,117.08000183105469
226.0,203.0,122.2300033569336,117.08000183105469
237.0,190.0,122.2300033569336,117.08000183105469
234.0,166.0,122.2300033569336,117.08000183105469
221.0,148.0,122.2300033569336,117.08000183105469
216.0,124.0,122.2300033569336,117.08000183105469
222.0,115.0,122.2300033569336,117.08000183105469
240.0,123.0,122.2300033569336,117.08000183105469
247.0,126.0,122.2300033569336,117.08000183105469
249.0,132.0,122.2300033569336,117.08000183105469
257.0,158.0,122.2300033569336,117.08000183105469
276.0,184.0,122.2300033569336,117.08000183105469
269.0,210.0,122.2300033569336,117.08000183105469
271.0,232.0,122.2300033569336,117.08000183105469
265.0,228.0,122.2300033569336,117.08000183105469
258.0,214.0,122.2300033569336,117.08000183105469
258.0,208.0,122.2300033569336,117.08000183105469
260.0,193.0,122.2300033569336,117.08000183105469
262.0,167.0,122.2300033569336,117.08000183105469
263.0,153.0,122.2300033569336,117.08000183105469
265.0,173.0,122.2300033569336,117.08000183105469
260.0,178.0,122.2300033569336,117.08000183105469
259.0,174.0,122.2300033569336,117.08000183105469
262.0,175.0,122.2300033569336,117.08000183105469
268.0,180.0,122.2300033569336,117.08000183105469
277.0,189.0,122.2300033569336,117.08000183105469
275.0,203.0,122.2300033569336,117.08000183105469
251.0,208.0,122.2300033569336,117.08000183105469
225.0,205.0,122.2300033569336,117.08000183105469
199.0,203.0,122.2300033569336,117.08000183105469
199.0,201.0,122.2300033569336,117.08000183105469
225.0,203.0,122.2300033569336,117.08000183105469
251.0,205.0,122.2300033569336,117.08000183105469
277.0,206.0,122.2300033569336,117.08000183105469
303.0,212.0,122.2300033569336,117.08000183105469
323.0,215.0,122.2300033569336,117.08000183105469
308.0,203.0,122.2300033569336,117.08000183105469
287.0,182.0,122.2300033569336,117.08000183105469
261.0,159.0,122.2300033569336,117.08000183105469
236.0,153.0,122.2300033569336,117.08000183105469
236.0,162.0,122.2300033569336,117.08000183105469
245.0,178.0,122.2300033569336,117.08000183105469
249.0,192.0,122.2300033569336,117.08000183105469
262.0,205.0,122.2300033569336,117.08000183105469
288.0,217.0,122.2300033569336,117.08000183105469
304.0,226.0,122.2300033569336,117.08000183105469
300.0,236.0,122.2300033569336,117.08000183105469
292.0,244.0,122.2300033569336,117.08000183105469
282.0,242.0,122.2300033569336,117.08000183105469
256.0,229.0,122.2300033569336,117.08000183105469
230.0,222.0,122.2300033569336,117.08000183105469
208.0,223.0,122.2300033569336,117.08000183105469
206.0,229.0,122.2300033569336,117.08000183105469
213.0,226.0,122.2300033569336,117.08000183105469
233.0,202.0,122.2300033569336,117.08000183105469
246.0,176.0,122.2300033569336,117.08000183105469
259.0,150.0,122.2300033569336,117.08000183105469
285.0,136.0,122.2300033569336,117.08000183105469
311.0,138.0,122.2300033569336,117.08000183105469
322.0,148.0,122.2300033569336,117.08000183105469
321.0,164.0,122.2300033569336,117.08000183105469
308.0,175.0,122.2300033569336,117.08000183105469
287.0,186.0,122.2300033569336,117.08000183105469
263.0,202.0,122.2300033569336,117.08000183105469
243.0,221.0,122.2300033569336,117.08000183105469
230.0,222.0,122.2300033569336,117.08000183105469
216.0,208.0,122.2300033569336,117.08000183105469
207.0,200.0,122.2300033569336,117.08000183105469
200.0,197.0,122.2300033569336,117.08000183105469
208.0,189.0,122.2300033569336,117.08000183105469
228.0,169.0,122.2300033569336,117.08000183105469
241.0,161.0,122.2300033569336,117.08000183105469
254.0,165.0,122.2300033569336,117.08000183105469
269.0,179.0,122.2300033569336,117.08000183105469
289.0,205.0,122.2300033569336,117.08000183105469
301.0,218.0,122.2300033569336,117.08000183105469
283.0,197.0,122.2300033569336,117.08000183105469
257.0,186.0,122.2300033569336,117.08000183105469
231.0,188.0,122.2300033569336,117.08000183105469
205.0,204.0,122.2300033569336,117.08000183105469
179.0,225.0,122.2300033569336,117.08000183105469
159.0,233.0,122.2300033569336,117.08000183105469
173.0,213.0,122.2300033569336,117.08000183105469
194.0,187.0,122.2300033569336,117.08000183105469
220.0,166.0,122.2300033569336,117.08000183105469
229.0,167.0,122.2300033569336,117.08000183105469
225.0,185.0,122.2300033569336,117.08000183105469
220.0,202.0,122.2300033569336,117.08000183105469
217.0,199.0,122.2300033569336,117.08000183105469
226.0,189.0,122.2300033569336,117.08000183105469
234.0,189.0,122.2300033569336,117.08000183105469
232.0,200.0,122.2300033569336,117.08000183105469
218.0,214.0,122.2300033569336,117.08000183105469
205.0,218.0,122.2300033569336,117.08000183105469
198.0,201.0,122.2300033569336,117.08000183105469
195.0,185.0,122.2300033569336,117.08000183105469
191.0,184.0,122.2300033569336,117.08000183105469
193.0,195.0,122.2300033569336,117.08000183105469
203.0,218.0,122.2300033569336,117.08000183105469
203.0,244.0,122.2300033569336,117.08000183105469
197.0,245.0,122.2300033569336,117.08000183105469
196.0,219.0,122.2300033569336,117.08000183105469
198.0,193.0,122.2300033569336,117.08000183105469
186.0,174.0,122.2300033569336,117.08000183105469
168.0,168.0,122.2300033569336,117.08000183105469
159.0,177.0,122.2300033569336,117.08000183105469
166.0,191.0,122.2300033569336,117.08000183105469
180.0,198.0,122.2300033569336,117.08000183105469
198.0,198.0,122.2300033569336,117.08000183105469
218.0,202.0,122.2300033569336,117.08000183105469
244.0,217.0,122.2300033569336,117.08000183105469
270.0,231.0,122.2300033569336,117.08000183105469
292.0,238.0,122.2300033569336,117.08000183105469
280.0,231.0,122.2300033569336,117.08000183105469
254.0,222.0,122.2300033569336,117.08000183105469
228.0,213.0,122.2300033569336,117.08000183105469
202.0,211.0,122.2300033569336,117.08000183105469
176.0,217.0,122.2300033569336,117.08000183105469
150.0,220.0,122.2300033569336,117.08000183105469
124.0,203.0,122.2300033569336,117.08000183105469
150.0,193.0,122.2300033569336,117.08000183105469
176.0,186.0,122.2300033569336,117.08000183105469
202.0,181.0,122.2300033569336,117.08000183105469
223.0,183.0,122.2300033569336,117.08000183105469
230.0,191.0,122.2300033569336,117.08000183105469
237.0,204.0,122.2300033569336,117.08000183105469
226.0,211.0,122.2300033569336,117.08000183105469
200.0,212.0,122.2300033569336,117.08000183105469
174.0,217.0,122.2300033569336,117.08000183105469
169.0,219.0,122.2300033569336,117.08000183105469
195.0,213.0,122.2300033569336,117.08000183105469
221.0,206.0,122.2300033569336,117.08000183105469
247.0,208.0,122.2300033569336,117.08000183105469
265.0,209.0,122.2300033569336,117.08000183105469
253.0,198.0,122.2300033569336,117.08000183105469
247.0,191.0,122.2300033569336,117.08000183105469
242.0,186.0,122.2300033569336,117.08000183105469
247.0,181.0,122.2300033569336,117.08000183105469
262.0,185.0,122.2300033569336,117.08000183105469
270.0,196.0,122.2300033569336,117.08000183105469
261.0,198.0,122.2300033569336,117.08000183105469
237.0,201.0,122.2300033569336,117.08000183105469
211.0,218.0,122.2300033569336,117.08000183105469
185.0,238.0,122.2300033569336,117.08000183105469
170.0,242.0,122.2300033569336,117.08000183105469
174.0,239.0,122.2300033569336,117.08000183105469
199.0,233.0,122.2300033569336,117.08000183105469
205.0,230.0,122.2300033569336,117.08000183105469
186.0,226.0,122.2300033569336,117.08000183105469
169.0,222.0,122.2300033569336,117.08000183105469
167.0,215.0,122.2300033569336,117.08000183105469
187.0,211.0,122.2300033569336,117.08000183105469
213.0,207.0,122.2300033569336,117.08000183105469
239.0,193.0,122.2300033569336,117.08000183105469
265.0,188.0,122.2300033569336,117.08000183105469
240.0,184.0,122.2300033569336,117.08000183105469
214.0,177.0,122.2300033569336,117.08000183105469
191.0,174.0,122.2300033569336,117.08000183105469
175.0,177.0,122.2300033569336,117.08000183105469
163.0,181.0,122.2300033569336,117.08000183105469
167.0,182.0,122.2300033569336,117.08000183105469
193.0,184.0,122.2300033569336,117.08000183105469
219.0,187.0,122.2300033569336,117.08000183105469
245.0,186.0,122.2300033569336,117.08000183105469
271.0,184.0,122.2300033569336,117.08000183105469
269.0,187.0,122.2300033569336,117.08000183105469
249.0,191.0,122.2300033569336,117.08000183105469
226.0,201.0,122.2300033569336,117.08000183105469
202.0,207.0,122.2300033569336,117.08000183105469
176.0,197.0,122.2300033569336,117.08000183105469
150.0,181.0,122.2300033569336,117.08000183105469
135.0,179.0,122.2300033569336,117.08000183105469
152.0,180.0,122.2300033569336,117.08000183105469
178.0,185.0,122.2300033569336,117.08000183105469
190.0,189.0,122.2300033569336,117.08000183105469
185.0,182.0,122.2300033569336,117.08000183105469
191.0,171.0,122.2300033569336,117.08000183105469
201.0,163.0,122.2300033569336,117.08000183105469
209.0,164.0,122.2300033569336,117.08000183105469
211.0,174.0,122.2300033569336,117.08000183105469
202.0,185.0,122.2300033569336,117.08000183105469
196.0,198.0,122.2300033569336,117.08000183105469
205.0,219.0,122.2300033569336,117.08000183105469
218.0,242.0,122.2300033569336,117.08000183105469
204.0,244.0,122.2300033569336,117.08000183105469
185.0,233.0,122.2300033569336,117.08000183105469
176.0,207.0,122.2300033569336,117.08000183105469
175.0,181.0,122.2300033569336,117.08000183105469
182.0,155.0,122.2300033569336,117.08000183105469
196.0,151.0,122.2300033569336,117.08000183105469
212.0,163.0,122.2300033569336,117.08000183105469
234.0,179.0,122.2300033569336,117.08000183105469
238.0,180.0,122.2300033569336,117.08000183105469
229.0,179.0,122.2300033569336,117.08000183105469
205.0,186.0,122.2300033569336,117.08000183105469
185.0,194.0,122.2300033569336,117.08000183105469
180.0,204.0,122.2300033569336,117.08000183105469
184.0,210.0,122.2300033569336,117.08000183105469
181.0,202.0,122.2300033569336,117.08000183105469
181.0,176.0,122.2300033569336,117.08000183105469
194.0,156.0,122.2300033569336,117.08000183105469
220.0,154.0,122.2300033569336,117.08000183105469
246.0,160.0,122.2300033569336,117.08000183105469
272.0,179.0,122.2300033569336,117.08000183105469
292.0,201.0,122.2300033569336,117.08000183105469
289.0,213.0,122.2300033569336,117.08000183105469
291.0,216.0,122.2300033569336,117.08000183105469
295.0,213.0,122.2300033569336,117.08000183105469
285.0,215.0,122.2300033569336,117.08000183105469
259.0,221.0,122.2300033569336,117.08000183105469
233.0,220.0,122.2300033569336,117.08000183105469
226.0,228.0,122.2300033569336,117.08000183105469
213.0,233.0,122.2300033569336,117.08000183105469
202.0,222.0,122.2300033569336,117.08000183105469
203.0,208.0,122.2300033569336,117.08000183105469
208.0,200.0,122.2300033569336,117.08000183105469
215.0,196.0,122.2300033569336,117.08000183105469
229.0,195.0,122.2300033569336,117.08000183105469
246.0,186.0,122.2300033569336,117.08000183105469
252.0,170.0,122.2300033569336,117.08000183105469
255.0,160.0,122.2300033569336,117.08000183105469
265.0,170.0,122.2300033569336,117.08000183105469
277.0,196.0,122.2300033569336,117.08000183105469
275.0,222.0,122.2300033569336,117.08000183105469
254.0,248.0,122.2300033569336,117.08000183105469
246.0,230.0,122.2300033569336,117.08000183105469
244.0,204.0,122.2300033569336,117.08000183105469
218.0,230.0,122.2300033569336,117.08000183105469
210.0,249.0,122.2300033569336,117.08000183105469
196.0,237.0,122.2300033569336,117.08000183105469
180.0,261.0,122.2300033569336,117.08000183105469
189.0,242.0,122.2300033569336,117.08000183105469
215.0,231.0,122.2300033569336,117.08000183105469
240.0,218.0,122.2300033569336,117.08000183105469
252.0,215.0,122.2300033569336,117.08000183105469
252.0,228.0,122.2300033569336,117.08000183105469
234.0,247.0,122.2300033569336,117.08000183105469
216.0,258.0,122.2300033569336,117.08000183105469
210.0,277.0,122.2300033569336,117.08000183105469
213.0,274.0,122.2300033569336,117.08000183105469
222.0,259.0,122.2300033569336,117.08000183105469
213.0,271.0,122.2300033569336,117.08000183105469
187.0,281.0,122.2300033569336,117.08000183105469
174.0,300.0,122.2300033569336,117.08000183105469
186.0,275.0,122.2300033569336,117.08000183105469
203.0,259.0,122.2300033569336,117.08000183105469
214.0,256.0,122.2300033569336,117.08000183105469
213.0,263.0,122.2300033569336,117.08000183105469
211.0,272.0,122.2300033569336,117.08000183105469
210.0,293.0,122.2300033569336,117.08000183105469
204.0,281.0,122.2300033569336,117.08000183105469
188.0,291.0,122.2300033569336,117.08000183105469
182.0,306.0,122.2300033569336,117.08000183105469
189.0,326.0,122.2300033569336,117.08000183105469
196.0,304.0,122.2300033569336,117.08000183105469
194.0,315.0,122.2300033569336,117.08000183105469
187.0,311.0,122.2300033569336,117.08000183105469
198.0,289.0,122.2300033569336,117.08000183105469
223.0,266.0,122.2300033569336,117.08000183105469
243.0,250.0,122.2300033569336,117.08000183105469
253.0,250.0,122.2300033569336,117.08000183105469
253.0,242.0,122.2300033569336,117.08000183105469
250.0,268.0,122.2300033569336,117.08000183105469
242.0,291.0,122.2300033569336,117.08000183105469
237.0,299.0,122.2300033569336,117.08000183105469
216.0,296.0,122.2300033569336,117.08000183105469
194.0,298.0,122.2300033569336,117.08000183105469
190.0,308.0,122.2300033569336,117.08000183105469
202.0,318.0,122.2300033569336,117.08000183105469
211.0,314.0,122.2300033569336,117.08000183105469
212.0,298.0,122.2300033569336,117.08000183105469
217.0,281.0,122.2300033569336,117.08000183105469
233.0,280.0,122.2300033569336,117.08000183105469
259.0,283.0,122.2300033569336,117.08000183105469
274.0,297.0,122.2300033569336,117.08000183105469
269.0,275.0,122.2300033569336,117.08000183105469
252.0,289.0,122.2300033569336,117.08000183105469
247.0,282.0,122.2300033569336,117.08000183105469
242.0,298.0,122.2300033569336,117.08000183105469
232.0,310.0,122.2300033569336,117.08000183105469
228.0,312.0,122.2300033569336,117.08000183105469
238.0,307.0,122.2300033569336,117.08000183105469
241.0,297.0,122.2300033569336,117.08000183105469
236.0,289.0,122.2300033569336,117.08000183105469
231.0,283.0,122.2300033569336,117.08000183105469
230.0,278.0,122.2300033569336,117.08000183105469
236.0,276.0,122.2300033569336,117.08000183105469
243.0,267.0,122.2300033569336,117.08000183105469
243.0,277.0,122.2300033569336,117.08000183105469
245.0,268.0,122.2300033569336,117.08000183105469
253.0,283.0,122.2300033569336,117.08000183105469
261.0,296.0,122.2300033569336,117.08000183105469
264.0,300.0,122.2300033569336,117.08000183105469
251.0,300.0,122.2300033569336,117.08000183105469
225.0,306.0,122.2300033569336,117.08000183105469
200.0,307.0,122.2300033569336,117.08000183105469
187.0,296.0,122.2300033569336,117.08000183105469
177.0,271.0,122.2300033569336,117.08000183105469
177.0,245.0,122.2300033569336,117.08000183105469
187.0,233.0,122.2300033569336,117.08000183105469
201.0,240.0,122.2300033569336,117.08000183105469
214.0,251.0,122.2300033569336,117.08000183105469
221.0,253.0,122.2300033569336,117.08000183105469
229.0,256.0,122.2300033569336,117.08000183105469
240.0,280.0,122.2300033569336,117.08000183105469
258.0,305.0,122.2300033569336,117.08000183105469
266.0,320.0,122.2300033569336,117.08000183105469
259.0,317.0,122.2300033569336,117.08000183105469
250.0,291.0,122.2300033569336,117.08000183105469
241.0,269.0,122.2300033569336,117.08000183105469
219.0,264.0,122.2300033569336,117.08000183105469
200.0,267.0,122.2300033569336,117.08000183105469
190.0,292.0,122.2300033569336,117.08000183105469
200.0,313.0,122.2300033569336,117.08000183105469
2
0
0
0
0
1
270.0,256.0,104.0,91.20999908447266
272.0,251.0,104.0,91.20999908447266
274.0,240.0,104.0,91.20999908447266
275.0,232.0,104.0,91.20999908447266
270.0,233.0,104.0,91.20999908447266
260.0,240.0,104.0,91.20999908447266
252.0,242.0,104.0,91.20999908447266
250.0,232.0,104.0,91.20999908447266
251.0,219.0,104.0,91.20999908447266
248.0,217.0,104.0,91.20999908447266
242.0,220.0,104.0,91.20999908447266
246.0,225.0,104.0,91.20999908447266
260.0,227.0,104.0,91.20999908447266
277.0,219.0,104.0,91.20999908447266
290.0,204.0,104.0,91.20999908447266
291.0,192.0,104.0,91.20999908447266
286.0,191.0,104.0,91.20999908447266
281.0,198.0,104.0,91.20999908447266
278.0,206.0,104.0,91.20999908447266
260.0,210.0,104.0,91.20999908447266
235.0,202.0,104.0,91.20999908447266
221.0,193.0,104.0,91.20999908447266
220.0,196.0,104.0,91.20999908447266
223.0,213.0,104.0,91.20999908447266
241.0,239.0,104.0,91.20999908447266
215.0,265.0,104.0,91.20999908447266
241.0,260.0,104.0,91.20999908447266
267.0,240.0,104.0,91.20999908447266
293.0,229.0,104.0,91.20999908447266
295.0,221.0,104.0,91.20999908447266
273.0,228.0,104.0,91.20999908447266
247.0,238.0,104.0,91.20999908447266
221.0,236.0,104.0,91.20999908447266
240.0,234.0,104.0,91.20999908447266
266.0,236.0,104.0,91.20999908447266
292.0,235.0,104.0,91.20999908447266
318.0,228.0,104.0,91.20999908447266
335.0,228.0,104.0,91.20999908447266
343.0,237.0,104.0,91.20999908447266
346.0,236.0,104.0,91.20999908447266
347.0,228.0,104.0,91.20999908447266
339.0,229.0,104.0,91.20999908447266
314.0,246.0,104.0,91.20999908447266
292.0,261.0,104.0,91.20999908447266
293.0,252.0,104.0,91.20999908447266
303.0,241.0,104.0,91.20999908447266
312.0,239.0,104.0,91.20999908447266
323.0,247.0,104.0,91.20999908447266
342.0,258.0,104.0,91.20999908447266
354.0,246.0,104.0,91.20999908447266
338.0,222.0,104.0,91.20999908447266
313.0,196.0,104.0,91.20999908447266
329.0,180.0,104.0,91.20999908447266
303.0,168.0,104.0,91.20999908447266
279.0,186.0,104.0,91.20999908447266
270.0,207.0,104.0,91.20999908447266
245.0,228.0,104.0,91.20999908447266
223.0,238.0,104.0,91.20999908447266
215.0,241.0,104.0,91.20999908447266
216.0,243.0,104.0,91.20999908447266
225.0,245.0,104.0,91.20999908447266
242.0,236.0,104.0,91.20999908447266
247.0,210.0,104.0,91.20999908447266
237.0,184.0,104.0,91.20999908447266
230.0,170.0,104.0,91.20999908447266
225.0,175.0,104.0,91.20999908447266
209.0,189.0,104.0,91.20999908447266
190.0,204.0,104.0,91.20999908447266
184.0,206.0,104.0,91.20999908447266
181.0,209.0,104.0,91.20999908447266
175.0,223.0,104.0,91.20999908447266
178.0,233.0,104.0,91.20999908447266
199.0,233.0,104.0,91.20999908447266
225.0,229.0,104.0,91.20999908447266
251.0,220.0,104.0,91.20999908447266
277.0,214.0,104.0,91.20999908447266
303.0,220.0,104.0,91.20999908447266
307.0,235.0,104.0,91.20999908447266
282.0,244.0,104.0,91.20999908447266
256.0,234.0,104.0,91.20999908447266
230.0,215.0,104.0,91.20999908447266
204.0,214.0,104.0,91.20999908447266
178.0,224.0,104.0,91.20999908447266
203.0,228.0,104.0,91.20999908447266
229.0,214.0,104.0,91.20999908447266
241.0,197.0,104.0,91.20999908447266
258.0,191.0,104.0,91.20999908447266
284.0,195.0,104.0,91.20999908447266
310.0,201.0,104.0,91.20999908447266
329.0,205.0,104.0,91.20999908447266
322.0,203.0,104.0,91.20999908447266
297.0,196.0,104.0,91.20999908447266
271.0,185.0,104.0,91.20999908447266
245.0,159.0,104.0,91.20999908447266
245.0,144.0,104.0,91.20999908447266
271.0,139.0,104.0,91.20999908447266
291.0,126.0,104.0,91.20999908447266
296.0,117.0,104.0,91.20999908447266
300.0,124.0,104.0,91.20999908447266
300.0,150.0,104.0,91.20999908447266
299.0,176.0,104.0,91.20999908447266
291.0,196.0,104.0,91.20999908447266
303.0,222.0,104.0,91.20999908447266
298.0,212.0,104.0,91.20999908447266
291.0,200.0,104.0,91.20999908447266
287.0,189.0,104.0,91.20999908447266
286.0,171.0,104.0,91.20999908447266
285.0,145.0,104.0,91.20999908447266
279.0,169.0,104.0,91.20999908447266
293.0,160.0,104.0,91.20999908447266
314.0,171.0,104.0,91.20999908447266
329.0,145.0,104.0,91.20999908447266
318.0,166.0,104.0,91.20999908447266
301.0,181.0,104.0,91.20999908447266
287.0,199.0,104.0,91.20999908447266
276.0,214.0,104.0,91.20999908447266
268.0,225.0,104.0,91.20999908447266
263.0,230.0,104.0,91.20999908447266
266.0,233.0,104.0,91.20999908447266
276.0,232.0,104.0,91.20999908447266
284.0,220.0,104.0,91.20999908447266
290.0,208.0,104.0,91.20999908447266
303.0,193.0,104.0,91.20999908447266
309.0,186.0,104.0,91.20999908447266
315.0,188.0,104.0,91.20999908447266
326.0,196.0,104.0,91.20999908447266
328.0,214.0,104.0,91.20999908447266
316.0,232.0,104.0,91.20999908447266
295.0,249.0,104.0,91.20999908447266
270.0,260.0,104.0,91.20999908447266
258.0,258.0,104.0,91.20999908447266
253.0,255.0,104.0,91.20999908447266
238.0,232.0,104.0,91.20999908447266
228.0,206.0,104.0,91.20999908447266
254.0,180.0,104.0,91.20999908447266
275.0,172.0,104.0,91.20999908447266
288.0,177.0,104.0,91.20999908447266
302.0,192.0,104.0,91.20999908447266
319.0,209.0,104.0,91.20999908447266
333.0,229.0,104.0,91.20999908447266
340.0,252.0,104.0,91.20999908447266
337.0,261.0,104.0,91.20999908447266
323.0,262.0,104.0,91.20999908447266
297.0,266.0,104.0,91.20999908447266
271.0,267.0,104.0,91.20999908447266
245.0,266.0,104.0,91.20999908447266
219.0,245.0,104.0,91.20999908447266
217.0,222.0,104.0,91.20999908447266
219.0,196.0,104.0,91.20999908447266
232.0,185.0,104.0,91.20999908447266
258.0,180.0,104.0,91.20999908447266
284.0,180.0,104.0,91.20999908447266
305.0,182.0,104.0,91.20999908447266
310.0,189.0,104.0,91.20999908447266
316.0,199.0,104.0,91.20999908447266
321.0,215.0,104.0,91.20999908447266
311.0,229.0,104.0,91.20999908447266
285.0,230.0,104.0,91.20999908447266
259.0,228.0,104.0,91.20999908447266
233.0,227.0,104.0,91.20999908447266
207.0,225.0,104.0,91.20999908447266
190.0,226.0,104.0,91.20999908447266
216.0,228.0,104.0,91.20999908447266
242.0,226.0,104.0,91.20999908447266
251.0,222.0,104.0,91.20999908447266
277.0,222.0,104.0,91.20999908447266
303.0,218.0,104.0,91.20999908447266
329.0,206.0,104.0,91.20999908447266
342.0,199.0,104.0,91.20999908447266
316.0,203.0,104.0,91.20999908447266
2
0
0
0
0
1
218.0,167.0,95.9800033569336,86.9800033569336
229.0,192.0,95.9800033569336,86.9800033569336
237.0,217.0,95.9800033569336,86.9800033569336
234.0,242.0,95.9800033569336,86.9800033569336
239.0,262.0,95.9800033569336,86.9800033569336
247.0,267.0,95.9800033569336,86.9800033569336
235.0,256.0,95.9800033569336,86.9800033569336
218.0,253.0,95.9800033569336,86.9800033569336
221.0,267.0,95.9800033569336,86.9800033569336
246.0,285.0,95.9800033569336,86.9800033569336
271.0,286.0,95.9800033569336,86.9800033569336
271.0,273.0,95.9800033569336,86.9800033569336
270.0,252.0,95.9800033569336,86.9800033569336
279.0,226.0,95.9800033569336,86.9800033569336
2
0
0
0
0
1
232.0,265.0,98.62000274658203,75.08000183105469
242.0,258.0,98.62000274658203,75.08000183105469
245.0,244.0,98.62000274658203,75.08000183105469
244.0,237.0,98.62000274658203,75.08000183105469
257.0,234.0,98.62000274658203,75.08000183105469
281.0,224.0,98.62000274658203,75.08000183105469
279.0,211.0,98.62000274658203,75.08000183105469
268.0,199.0,98.62000274658203,75.08000183105469
278.0,189.0,98.62000274658203,75.08000183105469
292.0,189.0,98.62000274658203,75.08000183105469
296.0,208.0,98.62000274658203,75.08000183105469
284.0,234.0,98.62000274658203,75.08000183105469
271.0,260.0,98.62000274658203,75.08000183105469
282.0,272.0,98.62000274658203,75.08000183105469
287.0,265.0,98.62000274658203,75.08000183105469
275.0,251.0,98.62000274658203,75.08000183105469
269.0,245.0,98.62000274658203,75.08000183105469
272.0,247.0,98.62000274658203,75.08000183105469
273.0,244.0,98.62000274658203,75.08000183105469
265.0,236.0,98.62000274658203,75.08000183105469
258.0,228.0,98.62000274658203,75.08000183105469
254.0,229.0,98.62000274658203,75.08000183105469
249.0,235.0,98.62000274658203,75.08000183105469
238.0,237.0,98.62000274658203,75.08000183105469
236.0,233.0,98.62000274658203,75.08000183105469
262.0,228.0,98.62000274658203,75.08000183105469
286.0,230.0,98.62000274658203,75.08000183105469
275.0,241.0,98.62000274658203,75.08000183105469
255.0,248.0,98.62000274658203,75.08000183105469
254.0,248.0,98.62000274658203,75.08000183105469
263.0,237.0,98.62000274658203,75.08000183105469
268.0,225.0,98.62000274658203,75.08000183105469
268.0,222.0,98.62000274658203,75.08000183105469
272.0,227.0,98.62000274658203,75.08000183105469
281.0,231.0,98.62000274658203,75.08000183105469
279.0,232.0,98.62000274658203,75.08000183105469
271.0,230.0,98.62000274658203,75.08000183105469
271.0,226.0,98.62000274658203,75.08000183105469
274.0,229.0,98.62000274658203,75.08000183105469
276.0,239.0,98.62000274658203,75.08000183105469
268.0,252.0,98.62000274658203,75.08000183105469
264.0,257.0,98.62000274658203,75.08000183105469
275.0,246.0,98.62000274658203,75.08000183105469
285.0,231.0,98.62000274658203,75.08000183105469
283.0,227.0,98.62000274658203,75.08000183105469
275.0,237.0,98.62000274658203,75.08000183105469
266.0,247.0,98.62000274658203,75.08000183105469
265.0,242.0,98.62000274658203,75.08000183105469
269.0,222.0,98.62000274658203,75.08000183105469
272.0,214.0,98.62000274658203,75.08000183105469
275.0,222.0,98.62000274658203,75.08000183105469
275.0,236.0,98.62000274658203,75.08000183105469
268.0,245.0,98.62000274658203,75.08000183105469
262.0,246.0,98.62000274658203,75.08000183105469
265.0,242.0,98.62000274658203,75.08000183105469
267.0,237.0,98.62000274658203,75.08000183105469
260.0,238.0,98.62000274658203,75.08000183105469
250.0,250.0,98.62000274658203,75.08000183105469
248.0,259.0,98.62000274658203,75.08000183105469
249.0,257.0,98.62000274658203,75.08000183105469
251.0,248.0,98.62000274658203,75.08000183105469
250.0,244.0,98.62000274658203,75.08000183105469
248.0,251.0,98.62000274658203,75.08000183105469
249.0,263.0,98.62000274658203,75.08000183105469
251.0,269.0,98.62000274658203,75.08000183105469
251.0,271.0,98.62000274658203,75.08000183105469
250.0,271.0,98.62000274658203,75.08000183105469
248.0,265.0,98.62000274658203,75.08000183105469
241.0,259.0,98.62000274658203,75.08000183105469
240.0,253.0,98.62000274658203,75.08000183105469
242.0,240.0,98.62000274658203,75.08000183105469
240.0,230.0,98.62000274658203,75.08000183105469
239.0,229.0,98.62000274658203,75.08000183105469
242.0,232.0,98.62000274658203,75.08000183105469
246.0,229.0,98.62000274658203,75.08000183105469
250.0,220.0,98.62000274658203,75.08000183105469
253.0,217.0,98.62000274658203,75.08000183105469
253.0,228.0,98.62000274658203,75.08000183105469
254.0,243.0,98.62000274658203,75.08000183105469
256.0,251.0,98.62000274658203,75.08000183105469
253.0,247.0,98.62000274658203,75.08000183105469
254.0,239.0,98.62000274658203,75.08000183105469
264.0,233.0,98.62000274658203,75.08000183105469
265.0,235.0,98.62000274658203,75.08000183105469
262.0,244.0,98.62000274658203,75.08000183105469
253.0,248.0,98.62000274658203,75.08000183105469
250.0,247.0,98.62000274658203,75.08000183105469
254.0,237.0,98.62000274658203,75.08000183105469
252.0,232.0,98.62000274658203,75.08000183105469
242.0,244.0,98.62000274658203,75.08000183105469
236.0,258.0,98.62000274658203,75.08000183105469
237.0,262.0,98.62000274658203,75.08000183105469
249.0,261.0,98.62000274658203,75.08000183105469
272.0,251.0,98.62000274658203,75.08000183105469
279.0,238.0,98.62000274658203,75.08000183105469
262.0,244.0,98.62000274658203,75.08000183105469
244.0,256.0,98.62000274658203,75.08000183105469
263.0,264.0,98.62000274658203,75.08000183105469
284.0,258.0,98.62000274658203,75.08000183105469
277.0,243.0,98.62000274658203,75.08000183105469
254.0,235.0,98.62000274658203,75.08000183105469
239.0,237.0,98.62000274658203,75.08000183105469
236.0,241.0,98.62000274658203,75.08000183105469
239.0,239.0,98.62000274658203,75.08000183105469
240.0,236.0,98.62000274658203,75.08000183105469
234.0,236.0,98.62000274658203,75.08000183105469
233.0,237.0,98.62000274658203,75.08000183105469
240.0,243.0,98.62000274658203,75.08000183105469
241.0,252.0,98.62000274658203,75.08000183105469
248.0,260.0,98.62000274658203,75.08000183105469
274.0,260.0,98.62000274658203,75.08000183105469
300.0,251.0,98.62000274658203,75.08000183105469
284.0,253.0,98.62000274658203,75.08000183105469
258.0,266.0,98.62000274658203,75.08000183105469
232.0,278.0,98.62000274658203,75.08000183105469
223.0,281.0,98.62000274658203,75.08000183105469
249.0,273.0,98.62000274658203,75.08000183105469
256.0,268.0,98.62000274658203,75.08000183105469
244.0,270.0,98.62000274658203,75.08000183105469
227.0,271.0,98.62000274658203,75.08000183105469
216.0,272.0,98.62000274658203,75.08000183105469
223.0,275.0,98.62000274658203,75.08000183105469
241.0,276.0,98.62000274658203,75.08000183105469
245.0,269.0,98.62000274658203,75.08000183105469
244.0,262.0,98.62000274658203,75.08000183105469
236.0,259.0,98.62000274658203,75.08000183105469
236.0,254.0,98.62000274658203,75.08000183105469
246.0,246.0,98.62000274658203,75.08000183105469
248.0,238.0,98.62000274658203,75.08000183105469
245.0,234.0,98.62000274658203,75.08000183105469
245.0,227.0,98.62000274658203,75.08000183105469
249.0,222.0,98.62000274658203,75.08000183105469
252.0,232.0,98.62000274658203,75.08000183105469
246.0,258.0,98.62000274658203,75.08000183105469
234.0,284.0,98.62000274658203,75.08000183105469
231.0,294.0,98.62000274658203,75.08000183105469
239.0,272.0,98.62000274658203,75.08000183105469
247.0,253.0,98.62000274658203,75.08000183105469
256.0,236.0,98.62000274658203,75.08000183105469
259.0,220.0,98.62000274658203,75.08000183105469
253.0,205.0,98.62000274658203,75.08000183105469
247.0,191.0,98.62000274658203,75.08000183105469
250.0,177.0,98.62000274658203,75.08000183105469
254.0,167.0,98.62000274658203,75.08000183105469
262.0,175.0,98.62000274658203,75.08000183105469
269.0,192.0,98.62000274658203,75.08000183105469
273.0,218.0,98.62000274658203,75.08000183105469
275.0,244.0,98.62000274658203,75.08000183105469
277.0,246.0,98.62000274658203,75.08000183105469
274.0,222.0,98.62000274658203,75.08000183105469
274.0,207.0,98.62000274658203,75.08000183105469
289.0,205.0,98.62000274658203,75.08000183105469
311.0,213.0,98.62000274658203,75.08000183105469
316.0,223.0,98.62000274658203,75.08000183105469
304.0,228.0,98.62000274658203,75.08000183105469
292.0,230.0,98.62000274658203,75.08000183105469
292.0,236.0,98.62000274658203,75.08000183105469
297.0,254.0,98.62000274658203,75.08000183105469
307.0,279.0,98.62000274658203,75.08000183105469
313.0,286.0,98.62000274658203,75.08000183105469
305.0,277.0,98.62000274658203,75.08000183105469
294.0,258.0,98.62000274658203,75.08000183105469
290.0,235.0,98.62000274658203,75.08000183105469
288.0,215.0,98.62000274658203,75.08000183105469
285.0,209.0,98.62000274658203,75.08000183105469
285.0,217.0,98.62000274658203,75.08000183105469
295.0,228.0,98.62000274658203,75.08000183105469
306.0,236.0,98.62000274658203,75.08000183105469
308.0,241.0,98.62000274658203,75.08000183105469
304.0,246.0,98.62000274658203,75.08000183105469
297.0,255.0,98.62000274658203,75.08000183105469
292.0,257.0,98.62000274658203,75.08000183105469
291.0,249.0,98.62000274658203,75.08000183105469
291.0,235.0,98.62000274658203,75.08000183105469
293.0,218.0,98.62000274658203,75.08000183105469
295.0,210.0,98.62000274658203,75.08000183105469
295.0,206.0,98.62000274658203,75.08000183105469
298.0,206.0,98.62000274658203,75.08000183105469
308.0,212.0,98.62000274658203,75.08000183105469
324.0,226.0,98.62000274658203,75.08000183105469
331.0,245.0,98.62000274658203,75.08000183105469
308.0,260.0,98.62000274658203,75.08000183105469
282.0,261.0,98.62000274658203,75.08000183105469
257.0,256.0,98.62000274658203,75.08000183105469
241.0,250.0,98.62000274658203,75.08000183105469
228.0,228.0,98.62000274658203,75.08000183105469
228.0,202.0,98.62000274658203,75.08000183105469
242.0,184.0,98.62000274658203,75.08000183105469
263.0,191.0,98.62000274658203,75.08000183105469
273.0,204.0,98.62000274658203,75.08000183105469
276.0,214.0,98.62000274658203,75.08000183105469
280.0,217.0,98.62000274658203,75.08000183105469
285.0,220.0,98.62000274658203,75.08000183105469
289.0,221.0,98.62000274658203,75.08000183105469
290.0,224.0,98.62000274658203,75.08000183105469
288.0,224.0,98.62000274658203,75.08000183105469
