1
173.0,67.0,88.0,64.0
153.0,91.0,88.0,64.0
135.0,111.0,88.0,64.0
135.0,135.0,88.0,64.0
117.0,147.0,88.0,64.0
110.0,164.0,88.0,64.0
111.0,174.0,88.0,64.0
100.0,177.0,88.0,64.0
107.0,156.0,88.0,64.0
133.0,134.0,88.0,64.0
159.0,126.0,88.0,64.0
185.0,137.0,88.0,64.0
211.0,132.0,88.0,64.0
237.0,129.0,88.0,64.0
263.0,135.0,88.0,64.0
289.0,133.0,88.0,64.0
292.0,147.0,88.0,64.0
291.0,131.0,88.0,64.0
316.0,139.0,88.0,64.0
338.0,151.0,88.0,64.0
357.0,154.0,88.0,64.0
380.0,175.0,88.0,64.0
395.0,193.0,88.0,64.0
403.0,196.0,88.0,64.0
396.0,207.0,88.0,64.0
402.0,207.0,88.0,64.0
397.0,202.0,88.0,64.0
391.0,203.0,88.0,64.0
398.0,206.0,88.0,64.0
406.0,213.0,88.0,64.0
414.0,221.0,88.0,64.0
406.0,217.0,88.0,64.0
394.0,212.0,88.0,64.0
384.0,206.0,88.0,64.0
370.0,202.0,88.0,64.0
356.0,205.0,88.0,64.0
351.0,215.0,88.0,64.0
349.0,214.0,88.0,64.0
349.0,211.0,88.0,64.0
351.0,206.0,88.0,64.0
350.0,207.0,88.0,64.0
347.0,214.0,88.0,64.0
346.0,220.0,88.0,64.0
352.0,219.0,88.0,64.0
362.0,222.0,88.0,64.0
374.0,226.0,88.0,64.0
392.0,229.0,88.0,64.0
408.0,233.0,88.0,64.0
413.0,235.0,88.0,64.0
405.0,231.0,88.0,64.0
393.0,228.0,88.0,64.0
389.0,229.0,88.0,64.0
394.0,230.0,88.0,64.0
386.0,241.0,88.0,64.0
387.0,247.0,88.0,64.0
397.0,247.0,88.0,64.0
400.0,251.0,88.0,64.0
401.0,249.0,88.0,64.0
400.0,246.0,88.0,64.0
401.0,246.0,88.0,64.0
400.0,245.0,88.0,64.0
401.0,244.0,88.0,64.0
400.0,246.0,88.0,64.0
400.0,249.0,88.0,64.0
402.0,248.0,88.0,64.0
402.0,249.0,88.0,64.0
403.0,249.0,88.0,64.0
403.0,250.0,88.0,64.0
404.0,248.0,88.0,64.0
406.0,249.0,88.0,64.0
407.0,252.0,88.0,64.0
407.0,251.0,88.0,64.0
409.0,248.0,88.0,64.0
412.0,248.0,88.0,64.0
412.0,248.0,88.0,64.0
413.0,248.0,88.0,64.0
415.0,249.0,88.0,64.0
417.0,250.0,88.0,64.0
419.0,251.0,88.0,64.0
418.0,250.0,88.0,64.0
417.0,250.0,88.0,64.0
419.0,249.0,88.0,64.0
418.0,248.0,88.0,64.0
418.0,248.0,88.0,64.0
418.0,245.0,88.0,64.0
419.0,244.0,88.0,64.0
418.0,246.0,88.0,64.0
422.0,246.0,88.0,64.0
423.0,249.0,88.0,64.0
425.0,246.0,88.0,64.0
426.0,247.0,88.0,64.0
427.0,249.0,88.0,64.0
429.0,245.0,88.0,64.0
428.0,245.0,88.0,64.0
429.0,247.0,88.0,64.0
432.0,246.0,88.0,64.0
431.0,246.0,88.0,64.0
432.0,247.0,88.0,64.0
433.0,248.0,88.0,64.0
436.0,253.0,88.0,64.0
444.0,275.0,88.0,64.0
437.0,249.0,88.0,64.0
461.0,233.0,88.0,64.0
455.0,228.0,88.0,64.0
452.0,227.0,88.0,64.0
448.0,225.0,88.0,64.0
447.0,224.0,88.0,64.0
441.0,224.0,88.0,64.0
418.0,227.0,88.0,64.0
392.0,233.0,88.0,64.0
377.0,233.0,88.0,64.0
375.0,234.0,88.0,64.0
366.0,233.0,88.0,64.0
392.0,240.0,88.0,64.0
399.0,230.0,88.0,64.0
387.0,233.0,88.0,64.0
389.0,233.0,88.0,64.0
363.0,234.0,88.0,64.0
357.0,229.0,88.0,64.0
368.0,222.0,88.0,64.0
374.0,221.0,88.0,64.0
378.0,230.0,88.0,64.0
400.0,227.0,88.0,64.0
404.0,229.0,88.0,64.0
406.0,227.0,88.0,64.0
404.0,228.0,88.0,64.0
404.0,254.0,88.0,64.0
406.0,266.0,88.0,64.0
402.0,265.0,88.0,64.0
403.0,261.0,88.0,64.0
387.0,235.0,88.0,64.0
405.0,225.0,88.0,64.0
409.0,223.0,88.0,64.0
412.0,223.0,88.0,64.0
416.0,221.0,88.0,64.0
417.0,223.0,88.0,64.0
416.0,227.0,88.0,64.0
419.0,229.0,88.0,64.0
420.0,229.0,88.0,64.0
423.0,227.0,88.0,64.0
420.0,225.0,88.0,64.0
418.0,223.0,88.0,64.0
418.0,219.0,88.0,64.0
417.0,217.0,88.0,64.0
417.0,216.0,88.0,64.0
417.0,214.0,88.0,64.0
417.0,212.0,88.0,64.0
417.0,210.0,88.0,64.0
418.0,213.0,88.0,64.0
419.0,213.0,88.0,64.0
420.0,211.0,88.0,64.0
420.0,211.0,88.0,64.0
424.0,211.0,88.0,64.0
424.0,210.0,88.0,64.0
419.0,209.0,88.0,64.0
415.0,210.0,88.0,64.0
425.0,211.0,88.0,64.0
450.0,214.0,88.0,64.0
454.0,213.0,88.0,64.0
480.0,224.0,88.0,64.0
506.0,220.0,88.0,64.0
526.0,213.0,88.0,64.0
552.0,239.0,88.0,64.0
552.0,250.0,88.0,64.0
552.0,251.0,88.0,64.0
552.0,256.0,88.0,64.0
552.0,265.0,88.0,64.0
552.0,284.0,88.0,64.0
552.0,258.0,88.0,64.0
552.0,232.0,88.0,64.0
552.0,228.0,88.0,64.0
552.0,234.0,88.0,64.0
530.0,217.0,88.0,64.0
504.0,191.0,88.0,64.0
