1
329.0,162.0,38.11000061035156,50.880001068115234
327.0,161.0,38.11000061035156,50.880001068115234
324.0,160.0,38.11000061035156,50.880001068115234
320.0,160.0,38.11000061035156,50.880001068115234
310.0,160.0,38.11000061035156,50.880001068115234
305.0,159.0,38.11000061035156,50.880001068115234
302.0,159.0,38.11000061035156,50.880001068115234
296.0,159.0,38.11000061035156,50.880001068115234
288.0,158.0,38.11000061035156,50.880001068115234
283.0,157.0,38.11000061035156,50.880001068115234
280.0,157.0,38.11000061035156,50.880001068115234
274.0,156.0,38.11000061035156,50.880001068115234
266.0,153.0,38.11000061035156,50.880001068115234
260.0,152.0,38.11000061035156,50.880001068115234
257.0,152.0,38.11000061035156,50.880001068115234
249.0,149.0,38.11000061035156,50.880001068115234
244.0,148.0,38.11000061035156,50.880001068115234
238.0,146.0,38.11000061035156,50.880001068115234
233.0,144.0,38.11000061035156,50.880001068115234
227.0,142.0,38.11000061035156,50.880001068115234
222.0,140.0,38.11000061035156,50.880001068115234
216.0,138.0,38.11000061035156,50.880001068115234
211.0,136.0,38.11000061035156,50.880001068115234
205.0,133.0,38.11000061035156,50.880001068115234
199.0,131.0,38.11000061035156,50.880001068115234
194.0,128.0,38.11000061035156,50.880001068115234
188.0,126.0,38.11000061035156,50.880001068115234
176.0,121.0,38.11000061035156,50.880001068115234
170.0,119.0,38.11000061035156,50.880001068115234
166.0,120.0,38.11000061035156,50.880001068115234
160.0,118.0,38.11000061035156,50.880001068115234
152.0,114.0,38.11000061035156,50.880001068115234
146.0,112.0,38.11000061035156,50.880001068115234
142.0,112.0,38.11000061035156,50.880001068115234
136.0,110.0,38.11000061035156,50.880001068115234
126.0,107.0,38.11000061035156,50.880001068115234
120.0,104.0,38.11000061035156,50.880001068115234
116.0,104.0,38.11000061035156,50.880001068115234
106.0,101.0,38.11000061035156,50.880001068115234
100.0,96.0,38.11000061035156,50.880001068115234
93.0,94.0,38.11000061035156,50.880001068115234
84.0,93.0,38.11000061035156,50.880001068115234
77.0,89.0,38.11000061035156,50.880001068115234
68.0,88.0,38.11000061035156,50.880001068115234
61.0,85.0,38.11000061035156,50.880001068115234
52.0,85.0,38.11000061035156,50.880001068115234
44.0,83.0,38.11000061035156,50.880001068115234
38.0,80.0,38.11000061035156,50.880001068115234
30.0,77.0,38.11000061035156,50.880001068115234
22.0,75.0,38.11000061035156,50.880001068115234
6.0,72.0,38.11000061035156,50.880001068115234
2.0,68.0,38.11000061035156,50.880001068115234
15.0,80.0,38.11000061035156,50.880001068115234
32.0,62.0,38.11000061035156,50.880001068115234
20.0,59.0,38.11000061035156,50.880001068115234
10.0,56.0,38.11000061035156,50.880001068115234
6.0,55.0,38.11000061035156,50.880001068115234
4.0,54.0,38.11000061035156,50.880001068115234
6.0,55.0,38.11000061035156,50.880001068115234
18.0,60.0,38.11000061035156,50.880001068115234
41.0,66.0,38.11000061035156,50.880001068115234
58.0,43.0,38.11000061035156,50.880001068115234
48.0,41.0,38.11000061035156,50.880001068115234
38.0,37.0,38.11000061035156,50.880001068115234
39.0,11.0,38.11000061035156,50.880001068115234
40.0,6.0,38.11000061035156,50.880001068115234
14.0,5.0,38.11000061035156,50.880001068115234
4.0,1.0,38.11000061035156,50.880001068115234
4.0,3.0,38.11000061035156,50.880001068115234
4.0,6.0,38.11000061035156,50.880001068115234
13.0,6.0,38.11000061035156,50.880001068115234
4.0,7.0,38.11000061035156,50.880001068115234
9.0,5.0,38.11000061035156,50.880001068115234
16.0,6.0,38.11000061035156,50.880001068115234
5.0,7.0,38.11000061035156,50.880001068115234
4.0,6.0,38.11000061035156,50.880001068115234
4.0,4.0,38.11000061035156,50.880001068115234
4.0,29.0,38.11000061035156,50.880001068115234
22.0,50.0,38.11000061035156,50.880001068115234
17.0,49.0,38.11000061035156,50.880001068115234
5.0,46.0,38.11000061035156,50.880001068115234
20.0,47.0,38.11000061035156,50.880001068115234
10.0,45.0,38.11000061035156,50.880001068115234
5.0,44.0,38.11000061035156,50.880001068115234
9.0,54.0,38.11000061035156,50.880001068115234
33.0,56.0,38.11000061035156,50.880001068115234
21.0,53.0,38.11000061035156,50.880001068115234
24.0,55.0,38.11000061035156,50.880001068115234
4.0,31.0,38.11000061035156,50.880001068115234
4.0,50.0,38.11000061035156,50.880001068115234
5.0,51.0,38.11000061035156,50.880001068115234
22.0,37.0,38.11000061035156,50.880001068115234
41.0,11.0,38.11000061035156,50.880001068115234
40.0,5.0,38.11000061035156,50.880001068115234
41.0,5.0,38.11000061035156,50.880001068115234
48.0,1.0,38.11000061035156,50.880001068115234
40.0,6.0,38.11000061035156,50.880001068115234
41.0,3.0,38.11000061035156,50.880001068115234
48.0,1.0,38.11000061035156,50.880001068115234
74.0,5.0,38.11000061035156,50.880001068115234
48.0,5.0,38.11000061035156,50.880001068115234
33.0,10.0,38.11000061035156,50.880001068115234
40.0,6.0,38.11000061035156,50.880001068115234
40.0,6.0,38.11000061035156,50.880001068115234
40.0,5.0,38.11000061035156,50.880001068115234
40.0,5.0,38.11000061035156,50.880001068115234
37.0,1.0,38.11000061035156,50.880001068115234
48.0,1.0,38.11000061035156,50.880001068115234
47.0,5.0,38.11000061035156,50.880001068115234
40.0,6.0,38.11000061035156,50.880001068115234
40.0,6.0,38.11000061035156,50.880001068115234
40.0,6.0,38.11000061035156,50.880001068115234
40.0,6.0,38.11000061035156,50.880001068115234
40.0,6.0,38.11000061035156,50.880001068115234
40.0,6.0,38.11000061035156,50.880001068115234
40.0,6.0,38.11000061035156,50.880001068115234
40.0,6.0,38.11000061035156,50.880001068115234
40.0,6.0,38.11000061035156,50.880001068115234
40.0,6.0,38.11000061035156,50.880001068115234
40.0,6.0,38.11000061035156,50.880001068115234
40.0,6.0,38.11000061035156,50.880001068115234
40.0,6.0,38.11000061035156,50.880001068115234
40.0,6.0,38.11000061035156,50.880001068115234
40.0,6.0,38.11000061035156,50.880001068115234
40.0,6.0,38.11000061035156,50.880001068115234
40.0,6.0,38.11000061035156,50.880001068115234
40.0,6.0,38.11000061035156,50.880001068115234
40.0,6.0,38.11000061035156,50.880001068115234
40.0,6.0,38.11000061035156,50.880001068115234
39.0,10.0,38.11000061035156,50.880001068115234
40.0,6.0,38.11000061035156,50.880001068115234
40.0,6.0,38.11000061035156,50.880001068115234
40.0,6.0,38.11000061035156,50.880001068115234
40.0,6.0,38.11000061035156,50.880001068115234
52.0,31.0,38.11000061035156,50.880001068115234
52.0,31.0,38.11000061035156,50.880001068115234
37.0,30.0,38.11000061035156,50.880001068115234
20.0,34.0,38.11000061035156,50.880001068115234
4.0,54.0,38.11000061035156,50.880001068115234
28.0,28.0,38.11000061035156,50.880001068115234
40.0,6.0,38.11000061035156,50.880001068115234
40.0,6.0,38.11000061035156,50.880001068115234
40.0,6.0,38.11000061035156,50.880001068115234
40.0,6.0,38.11000061035156,50.880001068115234
40.0,6.0,38.11000061035156,50.880001068115234
40.0,6.0,38.11000061035156,50.880001068115234
40.0,6.0,38.11000061035156,50.880001068115234
40.0,6.0,38.11000061035156,50.880001068115234
40.0,6.0,38.11000061035156,50.880001068115234
40.0,6.0,38.11000061035156,50.880001068115234
40.0,6.0,38.11000061035156,50.880001068115234
40.0,6.0,38.11000061035156,50.880001068115234
40.0,6.0,38.11000061035156,50.880001068115234
40.0,6.0,38.11000061035156,50.880001068115234
26.0,30.0,38.11000061035156,50.880001068115234
46.0,4.0,38.11000061035156,50.880001068115234
47.0,5.0,38.11000061035156,50.880001068115234
40.0,6.0,38.11000061035156,50.880001068115234
40.0,6.0,38.11000061035156,50.880001068115234
40.0,6.0,38.11000061035156,50.880001068115234
40.0,6.0,38.11000061035156,50.880001068115234
40.0,6.0,38.11000061035156,50.880001068115234
40.0,6.0,38.11000061035156,50.880001068115234
40.0,6.0,38.11000061035156,50.880001068115234
40.0,6.0,38.11000061035156,50.880001068115234
40.0,6.0,38.11000061035156,50.880001068115234
40.0,6.0,38.11000061035156,50.880001068115234
40.0,6.0,38.11000061035156,50.880001068115234
40.0,6.0,38.11000061035156,50.880001068115234
40.0,6.0,38.11000061035156,50.880001068115234
40.0,6.0,38.11000061035156,50.880001068115234
40.0,6.0,38.11000061035156,50.880001068115234
40.0,6.0,38.11000061035156,50.880001068115234
40.0,6.0,38.11000061035156,50.880001068115234
40.0,6.0,38.11000061035156,50.880001068115234
40.0,6.0,38.11000061035156,50.880001068115234
40.0,6.0,38.11000061035156,50.880001068115234
40.0,6.0,38.11000061035156,50.880001068115234
40.0,6.0,38.11000061035156,50.880001068115234
40.0,6.0,38.11000061035156,50.880001068115234
40.0,6.0,38.11000061035156,50.880001068115234
40.0,6.0,38.11000061035156,50.880001068115234
40.0,6.0,38.11000061035156,50.880001068115234
40.0,6.0,38.11000061035156,50.880001068115234
40.0,6.0,38.11000061035156,50.880001068115234
40.0,6.0,38.11000061035156,50.880001068115234
40.0,6.0,38.11000061035156,50.880001068115234
40.0,6.0,38.11000061035156,50.880001068115234
40.0,6.0,38.11000061035156,50.880001068115234
40.0,6.0,38.11000061035156,50.880001068115234
40.0,6.0,38.11000061035156,50.880001068115234
40.0,6.0,38.11000061035156,50.880001068115234
40.0,6.0,38.11000061035156,50.880001068115234
40.0,6.0,38.11000061035156,50.880001068115234
40.0,6.0,38.11000061035156,50.880001068115234
40.0,6.0,38.11000061035156,50.880001068115234
40.0,6.0,38.11000061035156,50.880001068115234
40.0,6.0,38.11000061035156,50.880001068115234
40.0,6.0,38.11000061035156,50.880001068115234
40.0,6.0,38.11000061035156,50.880001068115234
40.0,6.0,38.11000061035156,50.880001068115234
40.0,6.0,38.11000061035156,50.880001068115234
40.0,6.0,38.11000061035156,50.880001068115234
40.0,6.0,38.11000061035156,50.880001068115234
40.0,6.0,38.11000061035156,50.880001068115234
40.0,6.0,38.11000061035156,50.880001068115234
40.0,6.0,38.11000061035156,50.880001068115234
40.0,6.0,38.11000061035156,50.880001068115234
40.0,6.0,38.11000061035156,50.880001068115234
40.0,6.0,38.11000061035156,50.880001068115234
40.0,6.0,38.11000061035156,50.880001068115234
40.0,6.0,38.11000061035156,50.880001068115234
40.0,6.0,38.11000061035156,50.880001068115234
40.0,6.0,38.11000061035156,50.880001068115234
40.0,6.0,38.11000061035156,50.880001068115234
40.0,6.0,38.11000061035156,50.880001068115234
40.0,6.0,38.11000061035156,50.880001068115234
39.0,9.0,38.11000061035156,50.880001068115234
13.0,5.0,38.11000061035156,50.880001068115234
37.0,30.0,38.11000061035156,50.880001068115234
23.0,36.0,38.11000061035156,50.880001068115234
39.0,14.0,38.11000061035156,50.880001068115234
40.0,5.0,38.11000061035156,50.880001068115234
40.0,6.0,38.11000061035156,50.880001068115234
40.0,5.0,38.11000061035156,50.880001068115234
47.0,5.0,38.11000061035156,50.880001068115234
40.0,5.0,38.11000061035156,50.880001068115234
40.0,6.0,38.11000061035156,50.880001068115234
40.0,6.0,38.11000061035156,50.880001068115234
39.0,10.0,38.11000061035156,50.880001068115234
31.0,6.0,38.11000061035156,50.880001068115234
40.0,5.0,38.11000061035156,50.880001068115234
47.0,5.0,38.11000061035156,50.880001068115234
39.0,10.0,38.11000061035156,50.880001068115234
39.0,10.0,38.11000061035156,50.880001068115234
32.0,9.0,38.11000061035156,50.880001068115234
40.0,6.0,38.11000061035156,50.880001068115234
40.0,6.0,38.11000061035156,50.880001068115234
40.0,6.0,38.11000061035156,50.880001068115234
40.0,6.0,38.11000061035156,50.880001068115234
39.0,10.0,38.11000061035156,50.880001068115234
13.0,5.0,38.11000061035156,50.880001068115234
7.0,1.0,38.11000061035156,50.880001068115234
33.0,26.0,38.11000061035156,50.880001068115234
40.0,6.0,38.11000061035156,50.880001068115234
40.0,6.0,38.11000061035156,50.880001068115234
40.0,6.0,38.11000061035156,50.880001068115234
40.0,6.0,38.11000061035156,50.880001068115234
40.0,6.0,38.11000061035156,50.880001068115234
40.0,6.0,38.11000061035156,50.880001068115234
40.0,6.0,38.11000061035156,50.880001068115234
40.0,6.0,38.11000061035156,50.880001068115234
40.0,6.0,38.11000061035156,50.880001068115234
40.0,6.0,38.11000061035156,50.880001068115234
52.0,30.0,38.11000061035156,50.880001068115234
30.0,33.0,38.11000061035156,50.880001068115234
15.0,37.0,38.11000061035156,50.880001068115234
39.0,11.0,38.11000061035156,50.880001068115234
39.0,5.0,38.11000061035156,50.880001068115234
37.0,9.0,38.11000061035156,50.880001068115234
55.0,9.0,38.11000061035156,50.880001068115234
40.0,6.0,38.11000061035156,50.880001068115234
39.0,10.0,38.11000061035156,50.880001068115234
39.0,11.0,38.11000061035156,50.880001068115234
17.0,8.0,38.11000061035156,50.880001068115234
12.0,33.0,38.11000061035156,50.880001068115234
4.0,33.0,38.11000061035156,50.880001068115234
3.0,33.0,38.11000061035156,50.880001068115234
3.0,7.0,38.11000061035156,50.880001068115234
3.0,32.0,38.11000061035156,50.880001068115234
29.0,6.0,38.11000061035156,50.880001068115234
47.0,5.0,38.11000061035156,50.880001068115234
52.0,30.0,38.11000061035156,50.880001068115234
48.0,42.0,38.11000061035156,50.880001068115234
25.0,41.0,38.11000061035156,50.880001068115234
10.0,41.0,38.11000061035156,50.880001068115234
4.0,44.0,38.11000061035156,50.880001068115234
4.0,64.0,38.11000061035156,50.880001068115234
4.0,89.0,38.11000061035156,50.880001068115234
4.0,101.0,38.11000061035156,50.880001068115234
11.0,126.0,38.11000061035156,50.880001068115234
4.0,137.0,38.11000061035156,50.880001068115234
9.0,162.0,38.11000061035156,50.880001068115234
35.0,180.0,38.11000061035156,50.880001068115234
12.0,186.0,38.11000061035156,50.880001068115234
3.0,189.0,38.11000061035156,50.880001068115234
4.0,169.0,38.11000061035156,50.880001068115234
3.0,192.0,38.11000061035156,50.880001068115234
19.0,217.0,38.11000061035156,50.880001068115234
4.0,222.0,38.11000061035156,50.880001068115234
28.0,238.0,38.11000061035156,50.880001068115234
35.0,237.0,38.11000061035156,50.880001068115234
26.0,241.0,38.11000061035156,50.880001068115234
13.0,247.0,38.11000061035156,50.880001068115234
18.0,246.0,38.11000061035156,50.880001068115234
13.0,250.0,38.11000061035156,50.880001068115234
9.0,252.0,38.11000061035156,50.880001068115234
16.0,250.0,38.11000061035156,50.880001068115234
14.0,251.0,38.11000061035156,50.880001068115234
36.0,243.0,38.11000061035156,50.880001068115234
61.0,233.0,38.11000061035156,50.880001068115234
87.0,247.0,38.11000061035156,50.880001068115234
99.0,263.0,38.11000061035156,50.880001068115234
102.0,269.0,38.11000061035156,50.880001068115234
102.0,272.0,38.11000061035156,50.880001068115234
102.0,272.0,38.11000061035156,50.880001068115234
102.0,272.0,38.11000061035156,50.880001068115234
100.0,286.0,38.11000061035156,50.880001068115234
102.0,287.0,38.11000061035156,50.880001068115234
102.0,287.0,38.11000061035156,50.880001068115234
102.0,288.0,38.11000061035156,50.880001068115234
101.0,291.0,38.11000061035156,50.880001068115234
101.0,292.0,38.11000061035156,50.880001068115234
101.0,290.0,38.11000061035156,50.880001068115234
101.0,291.0,38.11000061035156,50.880001068115234
101.0,291.0,38.11000061035156,50.880001068115234
102.0,291.0,38.11000061035156,50.880001068115234
102.0,291.0,38.11000061035156,50.880001068115234
102.0,291.0,38.11000061035156,50.880001068115234
102.0,288.0,38.11000061035156,50.880001068115234
101.0,291.0,38.11000061035156,50.880001068115234
101.0,292.0,38.11000061035156,50.880001068115234
102.0,271.0,38.11000061035156,50.880001068115234
102.0,272.0,38.11000061035156,50.880001068115234
101.0,286.0,38.11000061035156,50.880001068115234
100.0,285.0,38.11000061035156,50.880001068115234
101.0,290.0,38.11000061035156,50.880001068115234
102.0,288.0,38.11000061035156,50.880001068115234
102.0,291.0,38.11000061035156,50.880001068115234
102.0,292.0,38.11000061035156,50.880001068115234
102.0,291.0,38.11000061035156,50.880001068115234
101.0,291.0,38.11000061035156,50.880001068115234
102.0,291.0,38.11000061035156,50.880001068115234
102.0,271.0,38.11000061035156,50.880001068115234
101.0,286.0,38.11000061035156,50.880001068115234
101.0,287.0,38.11000061035156,50.880001068115234
100.0,290.0,38.11000061035156,50.880001068115234
102.0,272.0,38.11000061035156,50.880001068115234
102.0,273.0,38.11000061035156,50.880001068115234
102.0,286.0,38.11000061035156,50.880001068115234
102.0,288.0,38.11000061035156,50.880001068115234
102.0,290.0,38.11000061035156,50.880001068115234
102.0,291.0,38.11000061035156,50.880001068115234
101.0,291.0,38.11000061035156,50.880001068115234
102.0,269.0,38.11000061035156,50.880001068115234
102.0,271.0,38.11000061035156,50.880001068115234
102.0,273.0,38.11000061035156,50.880001068115234
102.0,273.0,38.11000061035156,50.880001068115234
102.0,273.0,38.11000061035156,50.880001068115234
