1
239.0,165.0,122.2300033569336,117.08000183105469
229.0,175.0,122.2300033569336,117.08000183105469
213.0,190.0,122.2300033569336,117.08000183105469
207.0,205.0,122.2300033569336,117.08000183105469
212.0,201.0,122.2300033569336,117.08000183105469
212.0,191.0,122.2300033569336,117.08000183105469
210.0,191.0,122.2300033569336,117.08000183105469
184.0,203.0,122.2300033569336,117.08000183105469
158.0,229.0,122.2300033569336,117.08000183105469
184.0,250.0,122.2300033569336,117.08000183105469
210.0,225.0,122.2300033569336,117.08000183105469
221.0,202.0,122.2300033569336,117.08000183105469
212.0,197.0,122.2300033569336,117.08000183105469
201.0,196.0,122.2300033569336,117.08000183105469
186.0,202.0,122.2300033569336,117.08000183105469
187.0,212.0,122.2300033569336,117.08000183105469
197.0,206.0,122.2300033569336,117.08000183105469
213.0,180.0,122.2300033569336,117.08000183105469
214.0,154.0,122.2300033569336,117.08000183105469
193.0,135.0,122.2300033569336,117.08000183105469
197.0,153.0,122.2300033569336,117.08000183105469
223.0,179.0,122.2300033569336,117.08000183105469
248.0,205.0,122.2300033569336,117.08000183105469
265.0,231.0,122.2300033569336,117.08000183105469
252.0,237.0,122.2300033569336,117.08000183105469
237.0,242.0,122.2300033569336,117.08000183105469
232.0,245.0,122.2300033569336,117.08000183105469
225.0,234.0,122.2300033569336,117.08000183105469
220.0,219.0,122.2300033569336,117.08000183105469
219.0,210.0,122.2300033569336,117.08000183105469
226.0,203.0,122.2300033569336,117.08000183105469
237.0,190.0,122.2300033569336,117.08000183105469
234.0,166.0,122.2300033569336,117.08000183105469
221.0,148.0,122.2300033569336,117.08000183105469
216.0,124.0,122.2300033569336,117.08000183105469
222.0,115.0,122.2300033569336,117.08000183105469
240.0,123.0,122.2300033569336,117.08000183105469
247.0,126.0,122.2300033569336,117.08000183105469
249.0,132.0,122.2300033569336,117.08000183105469
257.0,158.0,122.2300033569336,117.08000183105469
276.0,184.0,122.2300033569336,117.08000183105469
269.0,210.0,122.2300033569336,117.08000183105469
271.0,232.0,122.2300033569336,117.08000183105469
265.0,228.0,122.2300033569336,117.08000183105469
258.0,214.0,122.2300033569336,117.08000183105469
258.0,208.0,122.2300033569336,117.08000183105469
260.0,193.0,122.2300033569336,117.08000183105469
262.0,167.0,122.2300033569336,117.08000183105469
263.0,153.0,122.2300033569336,117.08000183105469
265.0,173.0,122.2300033569336,117.08000183105469
260.0,178.0,122.2300033569336,117.08000183105469
259.0,174.0,122.2300033569336,117.08000183105469
262.0,175.0,122.2300033569336,117.08000183105469
268.0,180.0,122.2300033569336,117.08000183105469
277.0,189.0,122.2300033569336,117.08000183105469
275.0,203.0,122.2300033569336,117.08000183105469
251.0,208.0,122.2300033569336,117.08000183105469
225.0,205.0,122.2300033569336,117.08000183105469
199.0,203.0,122.2300033569336,117.08000183105469
199.0,201.0,122.2300033569336,117.08000183105469
225.0,203.0,122.2300033569336,117.08000183105469
251.0,205.0,122.2300033569336,117.08000183105469
277.0,206.0,122.2300033569336,117.08000183105469
303.0,212.0,122.2300033569336,117.08000183105469
323.0,215.0,122.2300033569336,117.08000183105469
308.0,203.0,122.2300033569336,117.08000183105469
287.0,182.0,122.2300033569336,117.08000183105469
261.0,159.0,122.2300033569336,117.08000183105469
236.0,153.0,122.2300033569336,117.08000183105469
236.0,162.0,122.2300033569336,117.08000183105469
245.0,178.0,122.2300033569336,117.08000183105469
249.0,192.0,122.2300033569336,117.08000183105469
262.0,205.0,122.2300033569336,117.08000183105469
288.0,217.0,122.2300033569336,117.08000183105469
304.0,226.0,122.2300033569336,117.08000183105469
300.0,236.0,122.2300033569336,117.08000183105469
292.0,244.0,122.2300033569336,117.08000183105469
282.0,242.0,122.2300033569336,117.08000183105469
256.0,229.0,122.2300033569336,117.08000183105469
230.0,222.0,122.2300033569336,117.08000183105469
208.0,223.0,122.2300033569336,117.08000183105469
206.0,229.0,122.2300033569336,117.08000183105469
213.0,226.0,122.2300033569336,117.08000183105469
233.0,202.0,122.2300033569336,117.08000183105469
246.0,176.0,122.2300033569336,117.08000183105469
259.0,150.0,122.2300033569336,117.08000183105469
285.0,136.0,122.2300033569336,117.08000183105469
311.0,138.0,122.2300033569336,117.08000183105469
322.0,148.0,122.2300033569336,117.08000183105469
321.0,164.0,122.2300033569336,117.08000183105469
308.0,175.0,122.2300033569336,117.08000183105469
287.0,186.0,122.2300033569336,117.08000183105469
263.0,202.0,122.2300033569336,117.08000183105469
243.0,221.0,122.2300033569336,117.08000183105469
230.0,222.0,122.2300033569336,117.08000183105469
216.0,208.0,122.2300033569336,117.08000183105469
207.0,200.0,122.2300033569336,117.08000183105469
200.0,197.0,122.2300033569336,117.08000183105469
208.0,189.0,122.2300033569336,117.08000183105469
228.0,169.0,122.2300033569336,117.08000183105469
241.0,161.0,122.2300033569336,117.08000183105469
254.0,165.0,122.2300033569336,117.08000183105469
269.0,179.0,122.2300033569336,117.08000183105469
289.0,205.0,122.2300033569336,117.08000183105469
301.0,218.0,122.2300033569336,117.08000183105469
283.0,197.0,122.2300033569336,117.08000183105469
257.0,186.0,122.2300033569336,117.08000183105469
231.0,188.0,122.2300033569336,117.08000183105469
205.0,204.0,122.2300033569336,117.08000183105469
179.0,225.0,122.2300033569336,117.08000183105469
159.0,233.0,122.2300033569336,117.08000183105469
173.0,213.0,122.2300033569336,117.08000183105469
194.0,187.0,122.2300033569336,117.08000183105469
220.0,166.0,122.2300033569336,117.08000183105469
229.0,167.0,122.2300033569336,117.08000183105469
225.0,185.0,122.2300033569336,117.08000183105469
220.0,202.0,122.2300033569336,117.08000183105469
217.0,199.0,122.2300033569336,117.08000183105469
226.0,189.0,122.2300033569336,117.08000183105469
234.0,189.0,122.2300033569336,117.08000183105469
232.0,200.0,122.2300033569336,117.08000183105469
218.0,214.0,122.2300033569336,117.08000183105469
205.0,218.0,122.2300033569336,117.08000183105469
198.0,201.0,122.2300033569336,117.08000183105469
195.0,185.0,122.2300033569336,117.08000183105469
191.0,184.0,122.2300033569336,117.08000183105469
193.0,195.0,122.2300033569336,117.08000183105469
203.0,218.0,122.2300033569336,117.08000183105469
203.0,244.0,122.2300033569336,117.08000183105469
197.0,245.0,122.2300033569336,117.08000183105469
196.0,219.0,122.2300033569336,117.08000183105469
198.0,193.0,122.2300033569336,117.08000183105469
186.0,174.0,122.2300033569336,117.08000183105469
168.0,168.0,122.2300033569336,117.08000183105469
159.0,177.0,122.2300033569336,117.08000183105469
166.0,191.0,122.2300033569336,117.08000183105469
180.0,198.0,122.2300033569336,117.08000183105469
198.0,198.0,122.2300033569336,117.08000183105469
218.0,202.0,122.2300033569336,117.08000183105469
244.0,217.0,122.2300033569336,117.08000183105469
270.0,231.0,122.2300033569336,117.08000183105469
292.0,238.0,122.2300033569336,117.08000183105469
280.0,231.0,122.2300033569336,117.08000183105469
254.0,222.0,122.2300033569336,117.08000183105469
228.0,213.0,122.2300033569336,117.08000183105469
202.0,211.0,122.2300033569336,117.08000183105469
176.0,217.0,122.2300033569336,117.08000183105469
150.0,220.0,122.2300033569336,117.08000183105469
124.0,203.0,122.2300033569336,117.08000183105469
150.0,193.0,122.2300033569336,117.08000183105469
176.0,186.0,122.2300033569336,117.08000183105469
202.0,181.0,122.2300033569336,117.08000183105469
223.0,183.0,122.2300033569336,117.08000183105469
230.0,191.0,122.2300033569336,117.08000183105469
237.0,204.0,122.2300033569336,117.08000183105469
226.0,211.0,122.2300033569336,117.08000183105469
200.0,212.0,122.2300033569336,117.08000183105469
174.0,217.0,122.2300033569336,117.08000183105469
169.0,219.0,122.2300033569336,117.08000183105469
195.0,213.0,122.2300033569336,117.08000183105469
221.0,206.0,122.2300033569336,117.08000183105469
247.0,208.0,122.2300033569336,117.08000183105469
265.0,209.0,122.2300033569336,117.08000183105469
253.0,198.0,122.2300033569336,117.08000183105469
247.0,191.0,122.2300033569336,117.08000183105469
242.0,186.0,122.2300033569336,117.08000183105469
247.0,181.0,122.2300033569336,117.08000183105469
262.0,185.0,122.2300033569336,117.08000183105469
270.0,196.0,122.2300033569336,117.08000183105469
261.0,198.0,122.2300033569336,117.08000183105469
237.0,201.0,122.2300033569336,117.08000183105469
211.0,218.0,122.2300033569336,117.08000183105469
185.0,238.0,122.2300033569336,117.08000183105469
170.0,242.0,122.2300033569336,117.08000183105469
174.0,239.0,122.2300033569336,117.08000183105469
199.0,233.0,122.2300033569336,117.08000183105469
205.0,230.0,122.2300033569336,117.08000183105469
186.0,226.0,122.2300033569336,117.08000183105469
169.0,222.0,122.2300033569336,117.08000183105469
167.0,215.0,122.2300033569336,117.08000183105469
187.0,211.0,122.2300033569336,117.08000183105469
213.0,207.0,122.2300033569336,117.08000183105469
239.0,193.0,122.2300033569336,117.08000183105469
265.0,188.0,122.2300033569336,117.08000183105469
240.0,184.0,122.2300033569336,117.08000183105469
214.0,177.0,122.2300033569336,117.08000183105469
191.0,174.0,122.2300033569336,117.08000183105469
175.0,177.0,122.2300033569336,117.08000183105469
163.0,181.0,122.2300033569336,117.08000183105469
167.0,182.0,122.2300033569336,117.08000183105469
193.0,184.0,122.2300033569336,117.08000183105469
219.0,187.0,122.2300033569336,117.08000183105469
245.0,186.0,122.2300033569336,117.08000183105469
271.0,184.0,122.2300033569336,117.08000183105469
269.0,187.0,122.2300033569336,117.08000183105469
249.0,191.0,122.2300033569336,117.08000183105469
226.0,201.0,122.2300033569336,117.08000183105469
202.0,207.0,122.2300033569336,117.08000183105469
176.0,197.0,122.2300033569336,117.08000183105469
150.0,181.0,122.2300033569336,117.08000183105469
135.0,179.0,122.2300033569336,117.08000183105469
152.0,180.0,122.2300033569336,117.08000183105469
178.0,185.0,122.2300033569336,117.08000183105469
190.0,189.0,122.2300033569336,117.08000183105469
185.0,182.0,122.2300033569336,117.08000183105469
191.0,171.0,122.2300033569336,117.08000183105469
201.0,163.0,122.2300033569336,117.08000183105469
209.0,164.0,122.2300033569336,117.08000183105469
211.0,174.0,122.2300033569336,117.08000183105469
202.0,185.0,122.2300033569336,117.08000183105469
196.0,198.0,122.2300033569336,117.08000183105469
205.0,219.0,122.2300033569336,117.08000183105469
218.0,242.0,122.2300033569336,117.08000183105469
204.0,244.0,122.2300033569336,117.08000183105469
185.0,233.0,122.2300033569336,117.08000183105469
176.0,207.0,122.2300033569336,117.08000183105469
175.0,181.0,122.2300033569336,117.08000183105469
182.0,155.0,122.2300033569336,117.08000183105469
196.0,151.0,122.2300033569336,117.08000183105469
212.0,163.0,122.2300033569336,117.08000183105469
234.0,179.0,122.2300033569336,117.08000183105469
238.0,180.0,122.2300033569336,117.08000183105469
229.0,179.0,122.2300033569336,117.08000183105469
205.0,186.0,122.2300033569336,117.08000183105469
185.0,194.0,122.2300033569336,117.08000183105469
180.0,204.0,122.2300033569336,117.08000183105469
184.0,210.0,122.2300033569336,117.08000183105469
181.0,202.0,122.2300033569336,117.08000183105469
181.0,176.0,122.2300033569336,117.08000183105469
194.0,156.0,122.2300033569336,117.08000183105469
220.0,154.0,122.2300033569336,117.08000183105469
246.0,160.0,122.2300033569336,117.08000183105469
272.0,179.0,122.2300033569336,117.08000183105469
292.0,201.0,122.2300033569336,117.08000183105469
289.0,213.0,122.2300033569336,117.08000183105469
291.0,216.0,122.2300033569336,117.08000183105469
295.0,213.0,122.2300033569336,117.08000183105469
285.0,215.0,122.2300033569336,117.08000183105469
259.0,221.0,122.2300033569336,117.08000183105469
233.0,220.0,122.2300033569336,117.08000183105469
226.0,228.0,122.2300033569336,117.08000183105469
213.0,233.0,122.2300033569336,117.08000183105469
202.0,222.0,122.2300033569336,117.08000183105469
203.0,208.0,122.2300033569336,117.08000183105469
208.0,200.0,122.2300033569336,117.08000183105469
215.0,196.0,122.2300033569336,117.08000183105469
229.0,195.0,122.2300033569336,117.08000183105469
246.0,186.0,122.2300033569336,117.08000183105469
252.0,170.0,122.2300033569336,117.08000183105469
255.0,160.0,122.2300033569336,117.08000183105469
265.0,170.0,122.2300033569336,117.08000183105469
277.0,196.0,122.2300033569336,117.08000183105469
275.0,222.0,122.2300033569336,117.08000183105469
254.0,248.0,122.2300033569336,117.08000183105469
246.0,230.0,122.2300033569336,117.08000183105469
244.0,204.0,122.2300033569336,117.08000183105469
218.0,230.0,122.2300033569336,117.08000183105469
210.0,249.0,122.2300033569336,117.08000183105469
196.0,237.0,122.2300033569336,117.08000183105469
180.0,261.0,122.2300033569336,117.08000183105469
189.0,242.0,122.2300033569336,117.08000183105469
215.0,231.0,122.2300033569336,117.08000183105469
240.0,218.0,122.2300033569336,117.08000183105469
252.0,215.0,122.2300033569336,117.08000183105469
252.0,228.0,122.2300033569336,117.08000183105469
234.0,247.0,122.2300033569336,117.08000183105469
216.0,258.0,122.2300033569336,117.08000183105469
210.0,277.0,122.2300033569336,117.08000183105469
213.0,274.0,122.2300033569336,117.08000183105469
222.0,259.0,122.2300033569336,117.08000183105469
213.0,271.0,122.2300033569336,117.08000183105469
187.0,281.0,122.2300033569336,117.08000183105469
174.0,300.0,122.2300033569336,117.08000183105469
186.0,275.0,122.2300033569336,117.08000183105469
203.0,259.0,122.2300033569336,117.08000183105469
214.0,256.0,122.2300033569336,117.08000183105469
213.0,263.0,122.2300033569336,117.08000183105469
211.0,272.0,122.2300033569336,117.08000183105469
210.0,293.0,122.2300033569336,117.08000183105469
204.0,281.0,122.2300033569336,117.08000183105469
188.0,291.0,122.2300033569336,117.08000183105469
182.0,306.0,122.2300033569336,117.08000183105469
189.0,326.0,122.2300033569336,117.08000183105469
196.0,304.0,122.2300033569336,117.08000183105469
194.0,315.0,122.2300033569336,117.08000183105469
187.0,311.0,122.2300033569336,117.08000183105469
198.0,289.0,122.2300033569336,117.08000183105469
223.0,266.0,122.2300033569336,117.08000183105469
243.0,250.0,122.2300033569336,117.08000183105469
253.0,250.0,122.2300033569336,117.08000183105469
253.0,242.0,122.2300033569336,117.08000183105469
250.0,268.0,122.2300033569336,117.08000183105469
242.0,291.0,122.2300033569336,117.08000183105469
237.0,299.0,122.2300033569336,117.08000183105469
216.0,296.0,122.2300033569336,117.08000183105469
194.0,298.0,122.2300033569336,117.08000183105469
190.0,308.0,122.2300033569336,117.08000183105469
202.0,318.0,122.2300033569336,117.08000183105469
211.0,314.0,122.2300033569336,117.08000183105469
212.0,298.0,122.2300033569336,117.08000183105469
217.0,281.0,122.2300033569336,117.08000183105469
233.0,280.0,122.2300033569336,117.08000183105469
259.0,283.0,122.2300033569336,117.08000183105469
274.0,297.0,122.2300033569336,117.08000183105469
269.0,275.0,122.2300033569336,117.08000183105469
252.0,289.0,122.2300033569336,117.08000183105469
247.0,282.0,122.2300033569336,117.08000183105469
242.0,298.0,122.2300033569336,117.08000183105469
232.0,310.0,122.2300033569336,117.08000183105469
228.0,312.0,122.2300033569336,117.08000183105469
238.0,307.0,122.2300033569336,117.08000183105469
241.0,297.0,122.2300033569336,117.08000183105469
236.0,289.0,122.2300033569336,117.08000183105469
231.0,283.0,122.2300033569336,117.08000183105469
230.0,278.0,122.2300033569336,117.08000183105469
236.0,276.0,122.2300033569336,117.08000183105469
243.0,267.0,122.2300033569336,117.08000183105469
243.0,277.0,122.2300033569336,117.08000183105469
245.0,268.0,122.2300033569336,117.08000183105469
253.0,283.0,122.2300033569336,117.08000183105469
261.0,296.0,122.2300033569336,117.08000183105469
264.0,300.0,122.2300033569336,117.08000183105469
251.0,300.0,122.2300033569336,117.08000183105469
225.0,306.0,122.2300033569336,117.08000183105469
200.0,307.0,122.2300033569336,117.08000183105469
187.0,296.0,122.2300033569336,117.08000183105469
177.0,271.0,122.2300033569336,117.08000183105469
177.0,245.0,122.2300033569336,117.08000183105469
187.0,233.0,122.2300033569336,117.08000183105469
201.0,240.0,122.2300033569336,117.08000183105469
214.0,251.0,122.2300033569336,117.08000183105469
221.0,253.0,122.2300033569336,117.08000183105469
229.0,256.0,122.2300033569336,117.08000183105469
240.0,280.0,122.2300033569336,117.08000183105469
258.0,305.0,122.2300033569336,117.08000183105469
266.0,320.0,122.2300033569336,117.08000183105469
259.0,317.0,122.2300033569336,117.08000183105469
250.0,291.0,122.2300033569336,117.08000183105469
241.0,269.0,122.2300033569336,117.08000183105469
219.0,264.0,122.2300033569336,117.08000183105469
200.0,267.0,122.2300033569336,117.08000183105469
190.0,292.0,122.2300033569336,117.08000183105469
200.0,313.0,122.2300033569336,117.08000183105469
226.0,339.0,122.2300033569336,117.08000183105469
235.0,313.0,122.2300033569336,117.08000183105469
249.0,300.0,122.2300033569336,117.08000183105469
249.0,310.0,122.2300033569336,117.08000183105469
247.0,324.0,122.2300033569336,117.08000183105469
244.0,329.0,122.2300033569336,117.08000183105469
245.0,325.0,122.2300033569336,117.08000183105469
246.0,320.0,122.2300033569336,117.08000183105469
249.0,309.0,122.2300033569336,117.08000183105469
250.0,301.0,122.2300033569336,117.08000183105469
246.0,302.0,122.2300033569336,117.08000183105469
236.0,309.0,122.2300033569336,117.08000183105469
228.0,310.0,122.2300033569336,117.08000183105469
225.0,301.0,122.2300033569336,117.08000183105469
226.0,288.0,122.2300033569336,117.08000183105469
224.0,286.0,122.2300033569336,117.08000183105469
218.0,289.0,122.2300033569336,117.08000183105469
224.0,293.0,122.2300033569336,117.08000183105469
237.0,295.0,122.2300033569336,117.08000183105469
253.0,287.0,122.2300033569336,117.08000183105469
267.0,273.0,122.2300033569336,117.08000183105469
269.0,261.0,122.2300033569336,117.08000183105469
262.0,260.0,122.2300033569336,117.08000183105469
258.0,266.0,122.2300033569336,117.08000183105469
254.0,273.0,122.2300033569336,117.08000183105469
234.0,278.0,122.2300033569336,117.08000183105469
212.0,269.0,122.2300033569336,117.08000183105469
186.0,276.0,122.2300033569336,117.08000183105469
196.0,265.0,122.2300033569336,117.08000183105469
201.0,291.0,122.2300033569336,117.08000183105469
222.0,317.0,122.2300033569336,117.08000183105469
248.0,343.0,122.2300033569336,117.08000183105469
273.0,335.0,122.2300033569336,117.08000183105469
291.0,309.0,122.2300033569336,117.08000183105469
290.0,296.0,122.2300033569336,117.08000183105469
271.0,289.0,122.2300033569336,117.08000183105469
250.0,295.0,122.2300033569336,117.08000183105469
224.0,306.0,122.2300033569336,117.08000183105469
200.0,304.0,122.2300033569336,117.08000183105469
216.0,302.0,122.2300033569336,117.08000183105469
242.0,319.0,122.2300033569336,117.08000183105469
268.0,317.0,122.2300033569336,117.08000183105469
294.0,297.0,122.2300033569336,117.08000183105469
315.0,296.0,122.2300033569336,117.08000183105469
322.0,304.0,122.2300033569336,117.08000183105469
326.0,303.0,122.2300033569336,117.08000183105469
326.0,296.0,122.2300033569336,117.08000183105469
315.0,298.0,122.2300033569336,117.08000183105469
290.0,315.0,122.2300033569336,117.08000183105469
272.0,328.0,122.2300033569336,117.08000183105469
271.0,321.0,122.2300033569336,117.08000183105469
281.0,308.0,122.2300033569336,117.08000183105469
291.0,306.0,122.2300033569336,117.08000183105469
304.0,314.0,122.2300033569336,117.08000183105469
321.0,325.0,122.2300033569336,117.08000183105469
332.0,315.0,122.2300033569336,117.08000183105469
315.0,292.0,122.2300033569336,117.08000183105469
289.0,266.0,122.2300033569336,117.08000183105469
263.0,245.0,122.2300033569336,117.08000183105469
258.0,236.0,122.2300033569336,117.08000183105469
255.0,256.0,122.2300033569336,117.08000183105469
244.0,279.0,122.2300033569336,117.08000183105469
222.0,295.0,122.2300033569336,117.08000183105469
202.0,306.0,122.2300033569336,117.08000183105469
194.0,308.0,122.2300033569336,117.08000183105469
194.0,311.0,122.2300033569336,117.08000183105469
203.0,313.0,122.2300033569336,117.08000183105469
219.0,304.0,122.2300033569336,117.08000183105469
223.0,278.0,122.2300033569336,117.08000183105469
209.0,255.0,122.2300033569336,117.08000183105469
207.0,237.0,122.2300033569336,117.08000183105469
201.0,242.0,122.2300033569336,117.08000183105469
183.0,256.0,122.2300033569336,117.08000183105469
167.0,269.0,122.2300033569336,117.08000183105469
161.0,273.0,122.2300033569336,117.08000183105469
158.0,276.0,122.2300033569336,117.08000183105469
153.0,289.0,122.2300033569336,117.08000183105469
154.0,300.0,122.2300033569336,117.08000183105469
175.0,300.0,122.2300033569336,117.08000183105469
201.0,296.0,122.2300033569336,117.08000183105469
227.0,287.0,122.2300033569336,117.08000183105469
253.0,297.0,122.2300033569336,117.08000183105469
279.0,288.0,122.2300033569336,117.08000183105469
283.0,302.0,122.2300033569336,117.08000183105469
257.0,311.0,122.2300033569336,117.08000183105469
231.0,298.0,122.2300033569336,117.08000183105469
205.0,279.0,122.2300033569336,117.08000183105469
179.0,279.0,122.2300033569336,117.08000183105469
153.0,289.0,122.2300033569336,117.08000183105469
175.0,295.0,122.2300033569336,117.08000183105469
201.0,283.0,122.2300033569336,117.08000183105469
219.0,263.0,122.2300033569336,117.08000183105469
233.0,259.0,122.2300033569336,117.08000183105469
259.0,262.0,122.2300033569336,117.08000183105469
285.0,268.0,122.2300033569336,117.08000183105469
307.0,272.0,122.2300033569336,117.08000183105469
297.0,269.0,122.2300033569336,117.08000183105469
272.0,261.0,122.2300033569336,117.08000183105469
246.0,247.0,122.2300033569336,117.08000183105469
220.0,222.0,122.2300033569336,117.08000183105469
218.0,211.0,122.2300033569336,117.08000183105469
244.0,205.0,122.2300033569336,117.08000183105469
268.0,193.0,122.2300033569336,117.08000183105469
276.0,184.0,122.2300033569336,117.08000183105469
275.0,193.0,122.2300033569336,117.08000183105469
277.0,219.0,122.2300033569336,117.08000183105469
302.0,193.0,122.2300033569336,117.08000183105469
285.0,211.0,122.2300033569336,117.08000183105469
284.0,211.0,122.2300033569336,117.08000183105469
295.0,203.0,122.2300033569336,117.08000183105469
275.0,186.0,122.2300033569336,117.08000183105469
269.0,175.0,122.2300033569336,117.08000183105469
267.0,160.0,122.2300033569336,117.08000183105469
282.0,134.0,122.2300033569336,117.08000183105469
261.0,160.0,122.2300033569336,117.08000183105469
277.0,141.0,122.2300033569336,117.08000183105469
295.0,167.0,122.2300033569336,117.08000183105469
321.0,141.0,122.2300033569336,117.08000183105469
303.0,156.0,122.2300033569336,117.08000183105469
296.0,177.0,122.2300033569336,117.08000183105469
284.0,194.0,122.2300033569336,117.08000183105469
274.0,210.0,122.2300033569336,117.08000183105469
255.0,210.0,122.2300033569336,117.08000183105469
255.0,215.0,122.2300033569336,117.08000183105469
255.0,218.0,122.2300033569336,117.08000183105469
262.0,217.0,122.2300033569336,117.08000183105469
268.0,206.0,122.2300033569336,117.08000183105469
287.0,204.0,122.2300033569336,117.08000183105469
299.0,190.0,122.2300033569336,117.08000183105469
307.0,187.0,122.2300033569336,117.08000183105469
312.0,189.0,122.2300033569336,117.08000183105469
323.0,193.0,122.2300033569336,117.08000183105469
325.0,208.0,122.2300033569336,117.08000183105469
310.0,227.0,122.2300033569336,117.08000183105469
288.0,245.0,122.2300033569336,117.08000183105469
265.0,261.0,122.2300033569336,117.08000183105469
256.0,259.0,122.2300033569336,117.08000183105469
248.0,240.0,122.2300033569336,117.08000183105469
233.0,222.0,122.2300033569336,117.08000183105469
229.0,196.0,122.2300033569336,117.08000183105469
247.0,175.0,122.2300033569336,117.08000183105469
270.0,172.0,122.2300033569336,117.08000183105469
283.0,175.0,122.2300033569336,117.08000183105469
299.0,186.0,122.2300033569336,117.08000183105469
315.0,203.0,122.2300033569336,117.08000183105469
330.0,222.0,122.2300033569336,117.08000183105469
340.0,241.0,122.2300033569336,117.08000183105469
327.0,245.0,122.2300033569336,117.08000183105469
310.0,260.0,122.2300033569336,117.08000183105469
284.0,264.0,122.2300033569336,117.08000183105469
258.0,269.0,122.2300033569336,117.08000183105469
232.0,264.0,122.2300033569336,117.08000183105469
206.0,239.0,122.2300033569336,117.08000183105469
211.0,213.0,122.2300033569336,117.08000183105469
215.0,190.0,122.2300033569336,117.08000183105469
225.0,182.0,122.2300033569336,117.08000183105469
251.0,177.0,122.2300033569336,117.08000183105469
277.0,180.0,122.2300033569336,117.08000183105469
295.0,183.0,122.2300033569336,117.08000183105469
304.0,187.0,122.2300033569336,117.08000183105469
315.0,195.0,122.2300033569336,117.08000183105469
318.0,209.0,122.2300033569336,117.08000183105469
302.0,226.0,122.2300033569336,117.08000183105469
276.0,231.0,122.2300033569336,117.08000183105469
250.0,225.0,122.2300033569336,117.08000183105469
276.0,251.0,122.2300033569336,117.08000183105469
257.0,261.0,122.2300033569336,117.08000183105469
272.0,263.0,122.2300033569336,117.08000183105469
298.0,265.0,122.2300033569336,117.08000183105469
324.0,264.0,122.2300033569336,117.08000183105469
332.0,262.0,122.2300033569336,117.08000183105469
358.0,264.0,122.2300033569336,117.08000183105469
332.0,279.0,122.2300033569336,117.08000183105469
343.0,270.0,122.2300033569336,117.08000183105469
318.0,265.0,122.2300033569336,117.08000183105469
331.0,246.0,122.2300033569336,117.08000183105469
305.0,249.0,122.2300033569336,117.08000183105469
279.0,267.0,122.2300033569336,117.08000183105469
253.0,247.0,122.2300033569336,117.08000183105469
227.0,241.0,122.2300033569336,117.08000183105469
201.0,226.0,122.2300033569336,117.08000183105469
190.0,221.0,122.2300033569336,117.08000183105469
190.0,233.0,122.2300033569336,117.08000183105469
203.0,259.0,122.2300033569336,117.08000183105469
210.0,285.0,122.2300033569336,117.08000183105469
206.0,311.0,122.2300033569336,117.08000183105469
209.0,324.0,122.2300033569336,117.08000183105469
219.0,330.0,122.2300033569336,117.08000183105469
205.0,320.0,122.2300033569336,117.08000183105469
189.0,318.0,122.2300033569336,117.08000183105469
191.0,339.0,122.2300033569336,117.08000183105469
214.0,361.0,122.2300033569336,117.08000183105469
240.0,362.0,122.2300033569336,117.08000183105469
240.0,346.0,122.2300033569336,117.08000183105469
242.0,322.0,122.2300033569336,117.08000183105469
244.0,296.0,122.2300033569336,117.08000183105469
218.0,322.0,122.2300033569336,117.08000183105469
192.0,320.0,122.2300033569336,117.08000183105469
172.0,346.0,122.2300033569336,117.08000183105469
169.0,360.0,122.2300033569336,117.08000183105469
144.0,363.0,122.2300033569336,117.08000183105469
170.0,340.0,122.2300033569336,117.08000183105469
184.0,352.0,122.2300033569336,117.08000183105469
195.0,348.0,122.2300033569336,117.08000183105469
199.0,336.0,122.2300033569336,117.08000183105469
225.0,334.0,122.2300033569336,117.08000183105469
248.0,335.0,122.2300033569336,117.08000183105469
269.0,328.0,122.2300033569336,117.08000183105469
295.0,354.0,122.2300033569336,117.08000183105469
309.0,351.0,122.2300033569336,117.08000183105469
321.0,345.0,122.2300033569336,117.08000183105469
339.0,349.0,122.2300033569336,117.08000183105469
340.0,363.0,122.2300033569336,117.08000183105469
366.0,346.0,122.2300033569336,117.08000183105469
362.0,363.0,122.2300033569336,117.08000183105469
369.0,363.0,122.2300033569336,117.08000183105469
378.0,363.0,122.2300033569336,117.08000183105469
372.0,363.0,122.2300033569336,117.08000183105469
369.0,363.0,122.2300033569336,117.08000183105469
374.0,363.0,122.2300033569336,117.08000183105469
377.0,363.0,122.2300033569336,117.08000183105469
375.0,363.0,122.2300033569336,117.08000183105469
373.0,363.0,122.2300033569336,117.08000183105469
370.0,363.0,122.2300033569336,117.08000183105469
359.0,363.0,122.2300033569336,117.08000183105469
343.0,357.0,122.2300033569336,117.08000183105469
343.0,354.0,122.2300033569336,117.08000183105469
369.0,352.0,122.2300033569336,117.08000183105469
395.0,357.0,122.2300033569336,117.08000183105469
395.0,363.0,122.2300033569336,117.08000183105469
393.0,363.0,122.2300033569336,117.08000183105469
395.0,363.0,122.2300033569336,117.08000183105469
410.0,363.0,122.2300033569336,117.08000183105469
428.0,363.0,122.2300033569336,117.08000183105469
406.0,363.0,122.2300033569336,117.08000183105469
432.0,363.0,122.2300033569336,117.08000183105469
441.0,363.0,122.2300033569336,117.08000183105469
440.0,363.0,122.2300033569336,117.08000183105469
414.0,337.0,122.2300033569336,117.08000183105469
388.0,323.0,122.2300033569336,117.08000183105469
392.0,331.0,122.2300033569336,117.08000183105469
399.0,346.0,122.2300033569336,117.08000183105469
396.0,362.0,122.2300033569336,117.08000183105469
370.0,363.0,122.2300033569336,117.08000183105469
375.0,356.0,122.2300033569336,117.08000183105469
368.0,343.0,122.2300033569336,117.08000183105469
367.0,342.0,122.2300033569336,117.08000183105469
363.0,356.0,122.2300033569336,117.08000183105469
355.0,363.0,122.2300033569336,117.08000183105469
357.0,360.0,122.2300033569336,117.08000183105469
369.0,351.0,122.2300033569336,117.08000183105469
379.0,350.0,122.2300033569336,117.08000183105469
383.0,362.0,122.2300033569336,117.08000183105469
361.0,353.0,122.2300033569336,117.08000183105469
349.0,350.0,122.2300033569336,117.08000183105469
346.0,363.0,122.2300033569336,117.08000183105469
353.0,363.0,122.2300033569336,117.08000183105469
359.0,363.0,122.2300033569336,117.08000183105469
364.0,363.0,122.2300033569336,117.08000183105469
346.0,363.0,122.2300033569336,117.08000183105469
343.0,361.0,122.2300033569336,117.08000183105469
347.0,363.0,122.2300033569336,117.08000183105469
351.0,363.0,122.2300033569336,117.08000183105469
357.0,363.0,122.2300033569336,117.08000183105469
355.0,363.0,122.2300033569336,117.08000183105469
381.0,337.0,122.2300033569336,117.08000183105469
407.0,345.0,122.2300033569336,117.08000183105469
433.0,352.0,122.2300033569336,117.08000183105469
447.0,355.0,122.2300033569336,117.08000183105469
473.0,348.0,122.2300033569336,117.08000183105469
479.0,342.0,122.2300033569336,117.08000183105469
480.0,338.0,122.2300033569336,117.08000183105469
486.0,327.0,122.2300033569336,117.08000183105469
489.0,318.0,122.2300033569336,117.08000183105469
499.0,338.0,122.2300033569336,117.08000183105469
518.0,345.0,122.2300033569336,117.08000183105469
506.0,319.0,122.2300033569336,117.08000183105469
510.0,311.0,122.2300033569336,117.08000183105469
518.0,329.0,122.2300033569336,117.08000183105469
518.0,324.0,122.2300033569336,117.08000183105469
518.0,339.0,122.2300033569336,117.08000183105469
518.0,356.0,122.2300033569336,117.08000183105469
518.0,355.0,122.2300033569336,117.08000183105469
518.0,344.0,122.2300033569336,117.08000183105469
518.0,339.0,122.2300033569336,117.08000183105469
518.0,340.0,122.2300033569336,117.08000183105469
518.0,350.0,122.2300033569336,117.08000183105469
518.0,357.0,122.2300033569336,117.08000183105469
518.0,357.0,122.2300033569336,117.08000183105469
518.0,348.0,122.2300033569336,117.08000183105469
518.0,344.0,122.2300033569336,117.08000183105469
518.0,361.0,122.2300033569336,117.08000183105469
518.0,363.0,122.2300033569336,117.08000183105469
492.0,353.0,122.2300033569336,117.08000183105469
497.0,353.0,122.2300033569336,117.08000183105469
518.0,347.0,122.2300033569336,117.08000183105469
518.0,337.0,122.2300033569336,117.08000183105469
518.0,346.0,122.2300033569336,117.08000183105469
507.0,361.0,122.2300033569336,117.08000183105469
518.0,363.0,122.2300033569336,117.08000183105469
518.0,363.0,122.2300033569336,117.08000183105469
518.0,349.0,122.2300033569336,117.08000183105469
518.0,342.0,122.2300033569336,117.08000183105469
518.0,352.0,122.2300033569336,117.08000183105469
518.0,356.0,122.2300033569336,117.08000183105469
518.0,349.0,122.2300033569336,117.08000183105469
518.0,348.0,122.2300033569336,117.08000183105469
518.0,363.0,122.2300033569336,117.08000183105469
518.0,354.0,122.2300033569336,117.08000183105469
518.0,361.0,122.2300033569336,117.08000183105469
518.0,363.0,122.2300033569336,117.08000183105469
518.0,363.0,122.2300033569336,117.08000183105469
518.0,341.0,122.2300033569336,117.08000183105469
518.0,334.0,122.2300033569336,117.08000183105469
505.0,335.0,122.2300033569336,117.08000183105469
504.0,335.0,122.2300033569336,117.08000183105469
518.0,318.0,122.2300033569336,117.08000183105469
504.0,344.0,122.2300033569336,117.08000183105469
484.0,361.0,122.2300033569336,117.08000183105469
494.0,358.0,122.2300033569336,117.08000183105469
488.0,361.0,122.2300033569336,117.08000183105469
476.0,363.0,122.2300033569336,117.08000183105469
450.0,363.0,122.2300033569336,117.08000183105469
460.0,363.0,122.2300033569336,117.08000183105469
483.0,362.0,122.2300033569336,117.08000183105469
495.0,363.0,122.2300033569336,117.08000183105469
502.0,358.0,122.2300033569336,117.08000183105469
501.0,357.0,122.2300033569336,117.08000183105469
508.0,353.0,122.2300033569336,117.08000183105469
518.0,346.0,122.2300033569336,117.08000183105469
518.0,340.0,122.2300033569336,117.08000183105469
518.0,337.0,122.2300033569336,117.08000183105469
518.0,332.0,122.2300033569336,117.08000183105469
518.0,331.0,122.2300033569336,117.08000183105469
518.0,342.0,122.2300033569336,117.08000183105469
518.0,363.0,122.2300033569336,117.08000183105469
518.0,337.0,122.2300033569336,117.08000183105469
493.0,330.0,122.2300033569336,117.08000183105469
499.0,310.0,122.2300033569336,117.08000183105469
513.0,291.0,122.2300033569336,117.08000183105469
518.0,274.0,122.2300033569336,117.08000183105469
518.0,257.0,122.2300033569336,117.08000183105469
518.0,244.0,122.2300033569336,117.08000183105469
518.0,233.0,122.2300033569336,117.08000183105469
518.0,217.0,122.2300033569336,117.08000183105469
518.0,205.0,122.2300033569336,117.08000183105469
518.0,215.0,122.2300033569336,117.08000183105469
518.0,232.0,122.2300033569336,117.08000183105469
518.0,258.0,122.2300033569336,117.08000183105469
518.0,284.0,122.2300033569336,117.08000183105469
518.0,287.0,122.2300033569336,117.08000183105469
518.0,264.0,122.2300033569336,117.08000183105469
518.0,257.0,122.2300033569336,117.08000183105469
505.0,234.0,122.2300033569336,117.08000183105469
518.0,229.0,122.2300033569336,117.08000183105469
518.0,253.0,122.2300033569336,117.08000183105469
515.0,257.0,122.2300033569336,117.08000183105469
508.0,261.0,122.2300033569336,117.08000183105469
513.0,267.0,122.2300033569336,117.08000183105469
518.0,282.0,122.2300033569336,117.08000183105469
492.0,306.0,122.2300033569336,117.08000183105469
490.0,306.0,122.2300033569336,117.08000183105469
481.0,296.0,122.2300033569336,117.08000183105469
475.0,281.0,122.2300033569336,117.08000183105469
473.0,261.0,122.2300033569336,117.08000183105469
470.0,239.0,122.2300033569336,117.08000183105469
471.0,236.0,122.2300033569336,117.08000183105469
492.0,249.0,122.2300033569336,117.08000183105469
479.0,254.0,122.2300033569336,117.08000183105469
494.0,263.0,122.2300033569336,117.08000183105469
518.0,274.0,122.2300033569336,117.08000183105469
516.0,280.0,122.2300033569336,117.08000183105469
511.0,290.0,122.2300033569336,117.08000183105469
518.0,291.0,122.2300033569336,117.08000183105469
518.0,291.0,122.2300033569336,117.08000183105469
518.0,317.0,122.2300033569336,117.08000183105469
518.0,323.0,122.2300033569336,117.08000183105469
518.0,314.0,122.2300033569336,117.08000183105469
518.0,312.0,122.2300033569336,117.08000183105469
518.0,318.0,122.2300033569336,117.08000183105469
518.0,323.0,122.2300033569336,117.08000183105469
518.0,346.0,122.2300033569336,117.08000183105469
518.0,352.0,122.2300033569336,117.08000183105469
518.0,363.0,122.2300033569336,117.08000183105469
518.0,363.0,122.2300033569336,117.08000183105469
500.0,363.0,122.2300033569336,117.08000183105469
518.0,363.0,122.2300033569336,117.08000183105469
518.0,363.0,122.2300033569336,117.08000183105469
518.0,337.0,122.2300033569336,117.08000183105469
518.0,326.0,122.2300033569336,117.08000183105469
518.0,329.0,122.2300033569336,117.08000183105469
518.0,322.0,122.2300033569336,117.08000183105469
518.0,329.0,122.2300033569336,117.08000183105469
518.0,336.0,122.2300033569336,117.08000183105469
508.0,333.0,122.2300033569336,117.08000183105469
518.0,335.0,122.2300033569336,117.08000183105469
518.0,336.0,122.2300033569336,117.08000183105469
518.0,341.0,122.2300033569336,117.08000183105469
